LineId,Client_IP,Timestamp,Status_Code,Response_Bytes,Refer,Method,Path,Version,User_Agent
1,10.143.2.4,2022/01/22 07:26:48,200,150,-,POST,/wp-cron.php?doing_wp_cron=1642836408.1728169918060302734375,HTTP/1.1,"""WordPress/5.8.3; https://intranet.smith.russellmitchell.com"""
2,10.143.2.25,2022/01/22 07:26:47,200,6202,-,GET,/,HTTP/1.1,"""Mozilla/5.0 (X11; Linux x86_64) AppleWebKit/537.36 (KHTML, like Gecko) HeadlessChrome/97.0.4692.71 Safari/537.36"""
3,10.143.2.25,2022/01/22 07:26:48,200,1099,http://intranet.smith.russellmitchell.com/,GET,/wp-includes/js/wp-embed.min.js?ver=5.8.3,HTTP/1.1,"""Mozilla/5.0 (X11; Linux x86_64) AppleWebKit/537.36 (KHTML, like Gecko) HeadlessChrome/97.0.4692.71 Safari/537.36"""
4,10.143.2.25,2022/01/22 07:26:48,200,1412,http://intranet.smith.russellmitchell.com/,GET,/wp-content/themes/go/dist/css/design-styles/style-traditional.min.css?ver=1.5.2,HTTP/1.1,"""Mozilla/5.0 (X11; Linux x86_64) AppleWebKit/537.36 (KHTML, like Gecko) HeadlessChrome/97.0.4692.71 Safari/537.36"""
5,10.143.2.25,2022/01/22 07:26:48,200,2916,http://intranet.smith.russellmitchell.com/,GET,/wp-content/themes/go/dist/js/frontend.min.js?ver=1.5.2,HTTP/1.1,"""Mozilla/5.0 (X11; Linux x86_64) AppleWebKit/537.36 (KHTML, like Gecko) HeadlessChrome/97.0.4692.71 Safari/537.36"""
6,10.143.2.25,2022/01/22 07:26:48,200,10846,http://intranet.smith.russellmitchell.com/,GET,/wp-includes/css/dist/block-library/style.min.css?ver=5.8.3,HTTP/1.1,"""Mozilla/5.0 (X11; Linux x86_64) AppleWebKit/537.36 (KHTML, like Gecko) HeadlessChrome/97.0.4692.71 Safari/537.36"""
7,10.143.2.25,2022/01/22 07:26:48,200,23204,http://intranet.smith.russellmitchell.com/,GET,/wp-content/themes/go/dist/css/style-shared.min.css?ver=1.5.2,HTTP/1.1,"""Mozilla/5.0 (X11; Linux x86_64) AppleWebKit/537.36 (KHTML, like Gecko) HeadlessChrome/97.0.4692.71 Safari/537.36"""
8,10.143.2.25,2022/01/22 07:26:48,200,5265,http://intranet.smith.russellmitchell.com/,GET,/wp-includes/js/wp-emoji-release.min.js?ver=5.8.3,HTTP/1.1,"""Mozilla/5.0 (X11; Linux x86_64) AppleWebKit/537.36 (KHTML, like Gecko) HeadlessChrome/97.0.4692.71 Safari/537.36"""
9,10.143.2.25,2022/01/22 07:30:54,200,27965,-,GET,/?p=5,HTTP/1.1,"""Mozilla/5.0 (X11; Linux x86_64) AppleWebKit/537.36 (KHTML, like Gecko) HeadlessChrome/97.0.4692.71 Safari/537.36"""
10,10.143.2.25,2022/01/22 07:30:54,200,10934,https://intranet.smith.russellmitchell.com/?p=5,GET,/wp-includes/css/dist/block-library/style.min.css?ver=5.8.3,HTTP/1.1,"""Mozilla/5.0 (X11; Linux x86_64) AppleWebKit/537.36 (KHTML, like Gecko) HeadlessChrome/97.0.4692.71 Safari/537.36"""
11,10.143.2.25,2022/01/22 07:30:54,200,19726,https://intranet.smith.russellmitchell.com/?p=5,GET,/wp-content/plugins/wpdiscuz/themes/default/style.css?ver=7.0.4,HTTP/1.1,"""Mozilla/5.0 (X11; Linux x86_64) AppleWebKit/537.36 (KHTML, like Gecko) HeadlessChrome/97.0.4692.71 Safari/537.36"""
12,10.143.2.25,2022/01/22 07:30:54,200,3464,https://intranet.smith.russellmitchell.com/?p=5,GET,/wp-content/plugins/wpdiscuz/assets/third-party/font-awesome-5.13.0/css/fa.min.css?ver=7.0.4,HTTP/1.1,"""Mozilla/5.0 (X11; Linux x86_64) AppleWebKit/537.36 (KHTML, like Gecko) HeadlessChrome/97.0.4692.71 Safari/537.36"""
13,10.143.2.25,2022/01/22 07:30:54,200,4570,https://intranet.smith.russellmitchell.com/?p=5,GET,/wp-includes/js/jquery/jquery-migrate.min.js?ver=3.3.2,HTTP/1.1,"""Mozilla/5.0 (X11; Linux x86_64) AppleWebKit/537.36 (KHTML, like Gecko) HeadlessChrome/97.0.4692.71 Safari/537.36"""
14,10.143.2.25,2022/01/22 07:30:54,200,2009,https://intranet.smith.russellmitchell.com/?p=5,GET,/wp-content/themes/go/dist/css/design-styles/style-traditional.min.css?ver=1.5.2,HTTP/1.1,"""Mozilla/5.0 (X11; Linux x86_64) AppleWebKit/537.36 (KHTML, like Gecko) HeadlessChrome/97.0.4692.71 Safari/537.36"""
15,10.143.2.25,2022/01/22 07:30:54,200,7375,https://intranet.smith.russellmitchell.com/?p=5,GET,/wp-content/plugins/wpdiscuz/assets/css/wpdiscuz-combo.min.css?ver=5.8.3,HTTP/1.1,"""Mozilla/5.0 (X11; Linux x86_64) AppleWebKit/537.36 (KHTML, like Gecko) HeadlessChrome/97.0.4692.71 Safari/537.36"""
16,10.143.2.25,2022/01/22 07:30:54,200,31377,https://intranet.smith.russellmitchell.com/?p=5,GET,/wp-includes/js/jquery/jquery.min.js?ver=3.6.0,HTTP/1.1,"""Mozilla/5.0 (X11; Linux x86_64) AppleWebKit/537.36 (KHTML, like Gecko) HeadlessChrome/97.0.4692.71 Safari/537.36"""
17,10.143.2.25,2022/01/22 07:30:54,200,23889,https://intranet.smith.russellmitchell.com/?p=5,GET,/wp-content/themes/go/dist/css/style-shared.min.css?ver=1.5.2,HTTP/1.1,"""Mozilla/5.0 (X11; Linux x86_64) AppleWebKit/537.36 (KHTML, like Gecko) HeadlessChrome/97.0.4692.71 Safari/537.36"""
18,10.143.2.25,2022/01/22 07:30:54,200,5331,https://intranet.smith.russellmitchell.com/?p=5,GET,/wp-includes/js/wp-emoji-release.min.js?ver=5.8.3,HTTP/1.1,"""Mozilla/5.0 (X11; Linux x86_64) AppleWebKit/537.36 (KHTML, like Gecko) HeadlessChrome/97.0.4692.71 Safari/537.36"""
19,10.143.2.25,2022/01/22 07:30:54,200,18908,https://intranet.smith.russellmitchell.com/wp-content/plugins/wpdiscuz/themes/default/style.css?ver=7.0.4,GET,/wp-content/plugins/wpdiscuz/themes/default/css/fonts/sqr721c-webfont.woff2,HTTP/1.1,"""Mozilla/5.0 (X11; Linux x86_64) AppleWebKit/537.36 (KHTML, like Gecko) HeadlessChrome/97.0.4692.71 Safari/537.36"""
20,10.143.2.25,2022/01/22 07:30:54,200,13874,https://intranet.smith.russellmitchell.com/wp-content/plugins/wpdiscuz/assets/third-party/font-awesome-5.13.0/css/fa.min.css?ver=7.0.4,GET,/wp-content/plugins/wpdiscuz/assets/third-party/font-awesome-5.13.0/webfonts/fa-regular-400.woff2,HTTP/1.1,"""Mozilla/5.0 (X11; Linux x86_64) AppleWebKit/537.36 (KHTML, like Gecko) HeadlessChrome/97.0.4692.71 Safari/537.36"""
21,10.143.2.25,2022/01/22 07:30:54,200,79823,https://intranet.smith.russellmitchell.com/wp-content/plugins/wpdiscuz/assets/third-party/font-awesome-5.13.0/css/fa.min.css?ver=7.0.4,GET,/wp-content/plugins/wpdiscuz/assets/third-party/font-awesome-5.13.0/webfonts/fa-solid-900.woff2,HTTP/1.1,"""Mozilla/5.0 (X11; Linux x86_64) AppleWebKit/537.36 (KHTML, like Gecko) HeadlessChrome/97.0.4692.71 Safari/537.36"""
22,10.143.2.25,2022/01/22 07:30:54,200,76991,https://intranet.smith.russellmitchell.com/wp-content/plugins/wpdiscuz/assets/third-party/font-awesome-5.13.0/css/fa.min.css?ver=7.0.4,GET,/wp-content/plugins/wpdiscuz/assets/third-party/font-awesome-5.13.0/webfonts/fa-brands-400.woff2,HTTP/1.1,"""Mozilla/5.0 (X11; Linux x86_64) AppleWebKit/537.36 (KHTML, like Gecko) HeadlessChrome/97.0.4692.71 Safari/537.36"""
23,10.143.2.25,2022/01/22 07:30:54,200,2981,https://intranet.smith.russellmitchell.com/?p=5,GET,/wp-content/themes/go/dist/js/frontend.min.js?ver=1.5.2,HTTP/1.1,"""Mozilla/5.0 (X11; Linux x86_64) AppleWebKit/537.36 (KHTML, like Gecko) HeadlessChrome/97.0.4692.71 Safari/537.36"""
24,10.143.2.25,2022/01/22 07:30:54,200,1120,https://intranet.smith.russellmitchell.com/?p=5,GET,/wp-includes/js/wp-embed.min.js?ver=5.8.3,HTTP/1.1,"""Mozilla/5.0 (X11; Linux x86_64) AppleWebKit/537.36 (KHTML, like Gecko) HeadlessChrome/97.0.4692.71 Safari/537.36"""
25,10.143.2.25,2022/01/22 07:30:54,200,1702,https://intranet.smith.russellmitchell.com/?p=5,GET,/wp-includes/js/comment-reply.min.js?ver=5.8.3,HTTP/1.1,"""Mozilla/5.0 (X11; Linux x86_64) AppleWebKit/537.36 (KHTML, like Gecko) HeadlessChrome/97.0.4692.71 Safari/537.36"""
26,10.143.2.25,2022/01/22 07:30:54,200,71266,https://intranet.smith.russellmitchell.com/?p=5,GET,/wp-content/plugins/wpdiscuz/assets/js/wpdiscuz-combo.min.js?ver=7.0.4,HTTP/1.1,"""Mozilla/5.0 (X11; Linux x86_64) AppleWebKit/537.36 (KHTML, like Gecko) HeadlessChrome/97.0.4692.71 Safari/537.36"""
27,10.143.2.25,2022/01/22 07:31:14,408,3020,-,,,,"""-"""
28,::1,2022/01/22 07:31:16,200,110,-,OPTIONS,*,HTTP/1.0,"""Apache/2.4.29 (Ubuntu) OpenSSL/1.1.1 (internal dummy connection)"""
29,10.143.2.25,2022/01/22 07:33:14,200,6202,-,GET,/,HTTP/1.1,"""Mozilla/5.0 (X11; Linux x86_64) AppleWebKit/537.36 (KHTML, like Gecko) HeadlessChrome/97.0.4692.71 Safari/537.36"""
30,172.19.131.174,2022/01/22 07:48:19,200,6202,-,GET,/,HTTP/1.1,"""Mozilla/5.0 (X11; Linux x86_64) AppleWebKit/537.36 (KHTML, like Gecko) HeadlessChrome/97.0.4692.71 Safari/537.36"""
31,172.19.131.174,2022/01/22 07:48:19,200,2916,http://intranet.smith.russellmitchell.com/,GET,/wp-content/themes/go/dist/js/frontend.min.js?ver=1.5.2,HTTP/1.1,"""Mozilla/5.0 (X11; Linux x86_64) AppleWebKit/537.36 (KHTML, like Gecko) HeadlessChrome/97.0.4692.71 Safari/537.36"""
32,172.19.131.174,2022/01/22 07:48:19,200,1099,http://intranet.smith.russellmitchell.com/,GET,/wp-includes/js/wp-embed.min.js?ver=5.8.3,HTTP/1.1,"""Mozilla/5.0 (X11; Linux x86_64) AppleWebKit/537.36 (KHTML, like Gecko) HeadlessChrome/97.0.4692.71 Safari/537.36"""
33,172.19.131.174,2022/01/22 07:48:19,200,1412,http://intranet.smith.russellmitchell.com/,GET,/wp-content/themes/go/dist/css/design-styles/style-traditional.min.css?ver=1.5.2,HTTP/1.1,"""Mozilla/5.0 (X11; Linux x86_64) AppleWebKit/537.36 (KHTML, like Gecko) HeadlessChrome/97.0.4692.71 Safari/537.36"""
34,172.19.131.174,2022/01/22 07:48:19,200,10846,http://intranet.smith.russellmitchell.com/,GET,/wp-includes/css/dist/block-library/style.min.css?ver=5.8.3,HTTP/1.1,"""Mozilla/5.0 (X11; Linux x86_64) AppleWebKit/537.36 (KHTML, like Gecko) HeadlessChrome/97.0.4692.71 Safari/537.36"""
35,172.19.131.174,2022/01/22 07:48:19,200,23204,http://intranet.smith.russellmitchell.com/,GET,/wp-content/themes/go/dist/css/style-shared.min.css?ver=1.5.2,HTTP/1.1,"""Mozilla/5.0 (X11; Linux x86_64) AppleWebKit/537.36 (KHTML, like Gecko) HeadlessChrome/97.0.4692.71 Safari/537.36"""
36,172.19.131.174,2022/01/22 07:48:20,200,5265,http://intranet.smith.russellmitchell.com/,GET,/wp-includes/js/wp-emoji-release.min.js?ver=5.8.3,HTTP/1.1,"""Mozilla/5.0 (X11; Linux x86_64) AppleWebKit/537.36 (KHTML, like Gecko) HeadlessChrome/97.0.4692.71 Safari/537.36"""
37,10.143.3.65,2022/01/22 07:48:46,200,6202,-,GET,/,HTTP/1.1,"""Mozilla/5.0 (X11; Ubuntu; Linux x86_64; rv:86.0) Gecko/20100101 Firefox/86.0"""
38,10.143.3.65,2022/01/22 07:48:46,200,10846,http://intranet.smith.russellmitchell.com/,GET,/wp-includes/css/dist/block-library/style.min.css?ver=5.8.3,HTTP/1.1,"""Mozilla/5.0 (X11; Ubuntu; Linux x86_64; rv:86.0) Gecko/20100101 Firefox/86.0"""
39,10.143.3.65,2022/01/22 07:48:46,200,1099,http://intranet.smith.russellmitchell.com/,GET,/wp-includes/js/wp-embed.min.js?ver=5.8.3,HTTP/1.1,"""Mozilla/5.0 (X11; Ubuntu; Linux x86_64; rv:86.0) Gecko/20100101 Firefox/86.0"""
40,10.143.3.65,2022/01/22 07:48:46,200,1412,http://intranet.smith.russellmitchell.com/,GET,/wp-content/themes/go/dist/css/design-styles/style-traditional.min.css?ver=1.5.2,HTTP/1.1,"""Mozilla/5.0 (X11; Ubuntu; Linux x86_64; rv:86.0) Gecko/20100101 Firefox/86.0"""
41,10.143.3.65,2022/01/22 07:48:46,200,2916,http://intranet.smith.russellmitchell.com/,GET,/wp-content/themes/go/dist/js/frontend.min.js?ver=1.5.2,HTTP/1.1,"""Mozilla/5.0 (X11; Ubuntu; Linux x86_64; rv:86.0) Gecko/20100101 Firefox/86.0"""
42,10.143.3.65,2022/01/22 07:48:46,200,5265,http://intranet.smith.russellmitchell.com/,GET,/wp-includes/js/wp-emoji-release.min.js?ver=5.8.3,HTTP/1.1,"""Mozilla/5.0 (X11; Ubuntu; Linux x86_64; rv:86.0) Gecko/20100101 Firefox/86.0"""
43,10.143.3.65,2022/01/22 07:48:46,200,23204,http://intranet.smith.russellmitchell.com/,GET,/wp-content/themes/go/dist/css/style-shared.min.css?ver=1.5.2,HTTP/1.1,"""Mozilla/5.0 (X11; Ubuntu; Linux x86_64; rv:86.0) Gecko/20100101 Firefox/86.0"""
44,10.143.3.65,2022/01/22 07:48:46,404,396,http://intranet.smith.russellmitchell.com/,GET,/favicon.ico,HTTP/1.1,"""Mozilla/5.0 (X11; Ubuntu; Linux x86_64; rv:86.0) Gecko/20100101 Firefox/86.0"""
45,10.143.3.65,2022/01/22 07:51:40,200,28020,-,GET,/?p=5,HTTP/1.1,"""Mozilla/5.0 (X11; Ubuntu; Linux x86_64; rv:86.0) Gecko/20100101 Firefox/86.0"""
46,10.143.3.65,2022/01/22 07:51:41,200,10934,https://intranet.smith.russellmitchell.com/?p=5,GET,/wp-includes/css/dist/block-library/style.min.css?ver=5.8.3,HTTP/1.1,"""Mozilla/5.0 (X11; Ubuntu; Linux x86_64; rv:86.0) Gecko/20100101 Firefox/86.0"""
47,10.143.3.65,2022/01/22 07:51:41,200,19726,https://intranet.smith.russellmitchell.com/?p=5,GET,/wp-content/plugins/wpdiscuz/themes/default/style.css?ver=7.0.4,HTTP/1.1,"""Mozilla/5.0 (X11; Ubuntu; Linux x86_64; rv:86.0) Gecko/20100101 Firefox/86.0"""
48,10.143.3.65,2022/01/22 07:51:41,200,2888,https://intranet.smith.russellmitchell.com/?p=5,GET,/wp-content/plugins/wpdiscuz/assets/third-party/font-awesome-5.13.0/css/fa.min.css?ver=7.0.4,HTTP/1.1,"""Mozilla/5.0 (X11; Ubuntu; Linux x86_64; rv:86.0) Gecko/20100101 Firefox/86.0"""
49,10.143.3.65,2022/01/22 07:51:41,200,7375,https://intranet.smith.russellmitchell.com/?p=5,GET,/wp-content/plugins/wpdiscuz/assets/css/wpdiscuz-combo.min.css?ver=5.8.3,HTTP/1.1,"""Mozilla/5.0 (X11; Ubuntu; Linux x86_64; rv:86.0) Gecko/20100101 Firefox/86.0"""
50,10.143.3.65,2022/01/22 07:51:41,200,5331,https://intranet.smith.russellmitchell.com/?p=5,GET,/wp-includes/js/wp-emoji-release.min.js?ver=5.8.3,HTTP/1.1,"""Mozilla/5.0 (X11; Ubuntu; Linux x86_64; rv:86.0) Gecko/20100101 Firefox/86.0"""
51,10.143.3.65,2022/01/22 07:51:41,200,2009,https://intranet.smith.russellmitchell.com/?p=5,GET,/wp-content/themes/go/dist/css/design-styles/style-traditional.min.css?ver=1.5.2,HTTP/1.1,"""Mozilla/5.0 (X11; Ubuntu; Linux x86_64; rv:86.0) Gecko/20100101 Firefox/86.0"""
52,10.143.3.65,2022/01/22 07:51:41,200,5146,https://intranet.smith.russellmitchell.com/?p=5,GET,/wp-includes/js/jquery/jquery-migrate.min.js?ver=3.3.2,HTTP/1.1,"""Mozilla/5.0 (X11; Ubuntu; Linux x86_64; rv:86.0) Gecko/20100101 Firefox/86.0"""
53,10.143.3.65,2022/01/22 07:51:41,200,1702,https://intranet.smith.russellmitchell.com/?p=5,GET,/wp-includes/js/comment-reply.min.js?ver=5.8.3,HTTP/1.1,"""Mozilla/5.0 (X11; Ubuntu; Linux x86_64; rv:86.0) Gecko/20100101 Firefox/86.0"""
54,10.143.3.65,2022/01/22 07:51:41,200,1120,https://intranet.smith.russellmitchell.com/?p=5,GET,/wp-includes/js/wp-embed.min.js?ver=5.8.3,HTTP/1.1,"""Mozilla/5.0 (X11; Ubuntu; Linux x86_64; rv:86.0) Gecko/20100101 Firefox/86.0"""
55,10.143.3.65,2022/01/22 07:51:41,200,2981,https://intranet.smith.russellmitchell.com/?p=5,GET,/wp-content/themes/go/dist/js/frontend.min.js?ver=1.5.2,HTTP/1.1,"""Mozilla/5.0 (X11; Ubuntu; Linux x86_64; rv:86.0) Gecko/20100101 Firefox/86.0"""
56,10.143.3.65,2022/01/22 07:51:41,200,31953,https://intranet.smith.russellmitchell.com/?p=5,GET,/wp-includes/js/jquery/jquery.min.js?ver=3.6.0,HTTP/1.1,"""Mozilla/5.0 (X11; Ubuntu; Linux x86_64; rv:86.0) Gecko/20100101 Firefox/86.0"""
57,10.143.3.65,2022/01/22 07:51:41,200,23889,https://intranet.smith.russellmitchell.com/?p=5,GET,/wp-content/themes/go/dist/css/style-shared.min.css?ver=1.5.2,HTTP/1.1,"""Mozilla/5.0 (X11; Ubuntu; Linux x86_64; rv:86.0) Gecko/20100101 Firefox/86.0"""
58,10.143.3.65,2022/01/22 07:51:41,200,71266,https://intranet.smith.russellmitchell.com/?p=5,GET,/wp-content/plugins/wpdiscuz/assets/js/wpdiscuz-combo.min.js?ver=7.0.4,HTTP/1.1,"""Mozilla/5.0 (X11; Ubuntu; Linux x86_64; rv:86.0) Gecko/20100101 Firefox/86.0"""
59,10.143.3.65,2022/01/22 07:51:41,200,18908,https://intranet.smith.russellmitchell.com/wp-content/plugins/wpdiscuz/themes/default/style.css?ver=7.0.4,GET,/wp-content/plugins/wpdiscuz/themes/default/css/fonts/sqr721c-webfont.woff2,HTTP/1.1,"""Mozilla/5.0 (X11; Ubuntu; Linux x86_64; rv:86.0) Gecko/20100101 Firefox/86.0"""
60,10.143.3.65,2022/01/22 07:51:41,200,13874,https://intranet.smith.russellmitchell.com/wp-content/plugins/wpdiscuz/assets/third-party/font-awesome-5.13.0/css/fa.min.css?ver=7.0.4,GET,/wp-content/plugins/wpdiscuz/assets/third-party/font-awesome-5.13.0/webfonts/fa-regular-400.woff2,HTTP/1.1,"""Mozilla/5.0 (X11; Ubuntu; Linux x86_64; rv:86.0) Gecko/20100101 Firefox/86.0"""
61,10.143.3.65,2022/01/22 07:51:41,200,79823,https://intranet.smith.russellmitchell.com/wp-content/plugins/wpdiscuz/assets/third-party/font-awesome-5.13.0/css/fa.min.css?ver=7.0.4,GET,/wp-content/plugins/wpdiscuz/assets/third-party/font-awesome-5.13.0/webfonts/fa-solid-900.woff2,HTTP/1.1,"""Mozilla/5.0 (X11; Ubuntu; Linux x86_64; rv:86.0) Gecko/20100101 Firefox/86.0"""
62,10.143.3.65,2022/01/22 07:51:41,200,76991,https://intranet.smith.russellmitchell.com/wp-content/plugins/wpdiscuz/assets/third-party/font-awesome-5.13.0/css/fa.min.css?ver=7.0.4,GET,/wp-content/plugins/wpdiscuz/assets/third-party/font-awesome-5.13.0/webfonts/fa-brands-400.woff2,HTTP/1.1,"""Mozilla/5.0 (X11; Ubuntu; Linux x86_64; rv:86.0) Gecko/20100101 Firefox/86.0"""
63,10.143.3.65,2022/01/22 07:51:41,404,418,https://intranet.smith.russellmitchell.com/?p=5,GET,/favicon.ico,HTTP/1.1,"""Mozilla/5.0 (X11; Ubuntu; Linux x86_64; rv:86.0) Gecko/20100101 Firefox/86.0"""
64,::1,2022/01/22 07:51:46,200,110,-,OPTIONS,*,HTTP/1.0,"""Apache/2.4.29 (Ubuntu) OpenSSL/1.1.1 (internal dummy connection)"""
65,10.143.3.65,2022/01/22 07:54:51,200,4069,https://intranet.smith.russellmitchell.com/wp-content/plugins/wpdiscuz/themes/default/style.css?ver=7.0.4,GET,/wp-content/plugins/wpdiscuz/assets/img/loading.gif,HTTP/1.1,"""Mozilla/5.0 (X11; Ubuntu; Linux x86_64; rv:86.0) Gecko/20100101 Firefox/86.0"""
66,10.143.3.65,2022/01/22 07:54:51,200,5493,https://intranet.smith.russellmitchell.com/?p=5,POST,/wp-admin/admin-ajax.php,HTTP/1.1,"""Mozilla/5.0 (X11; Ubuntu; Linux x86_64; rv:86.0) Gecko/20100101 Firefox/86.0"""
67,10.143.3.65,2022/01/22 07:54:52,200,549,https://intranet.smith.russellmitchell.com/?p=5,POST,/wp-admin/admin-ajax.php,HTTP/1.1,"""Mozilla/5.0 (X11; Ubuntu; Linux x86_64; rv:86.0) Gecko/20100101 Firefox/86.0"""
68,10.143.3.65,2022/01/22 07:55:39,200,6202,-,GET,/,HTTP/1.1,"""Mozilla/5.0 (X11; Ubuntu; Linux x86_64; rv:86.0) Gecko/20100101 Firefox/86.0"""
69,10.143.2.25,2022/01/22 08:05:45,200,27937,-,GET,/?p=5,HTTP/1.1,"""Mozilla/5.0 (X11; Linux x86_64) AppleWebKit/537.36 (KHTML, like Gecko) HeadlessChrome/97.0.4692.71 Safari/537.36"""
70,10.143.2.25,2022/01/22 08:05:46,200,3464,https://intranet.smith.russellmitchell.com/?p=5,GET,/wp-content/plugins/wpdiscuz/assets/third-party/font-awesome-5.13.0/css/fa.min.css?ver=7.0.4,HTTP/1.1,"""Mozilla/5.0 (X11; Linux x86_64) AppleWebKit/537.36 (KHTML, like Gecko) HeadlessChrome/97.0.4692.71 Safari/537.36"""
71,10.143.2.25,2022/01/22 08:05:46,200,6799,https://intranet.smith.russellmitchell.com/?p=5,GET,/wp-content/plugins/wpdiscuz/assets/css/wpdiscuz-combo.min.css?ver=5.8.3,HTTP/1.1,"""Mozilla/5.0 (X11; Linux x86_64) AppleWebKit/537.36 (KHTML, like Gecko) HeadlessChrome/97.0.4692.71 Safari/537.36"""
72,10.143.2.25,2022/01/22 08:05:46,200,10934,https://intranet.smith.russellmitchell.com/?p=5,GET,/wp-includes/css/dist/block-library/style.min.css?ver=5.8.3,HTTP/1.1,"""Mozilla/5.0 (X11; Linux x86_64) AppleWebKit/537.36 (KHTML, like Gecko) HeadlessChrome/97.0.4692.71 Safari/537.36"""
73,10.143.2.25,2022/01/22 08:05:46,200,1433,https://intranet.smith.russellmitchell.com/?p=5,GET,/wp-content/themes/go/dist/css/design-styles/style-traditional.min.css?ver=1.5.2,HTTP/1.1,"""Mozilla/5.0 (X11; Linux x86_64) AppleWebKit/537.36 (KHTML, like Gecko) HeadlessChrome/97.0.4692.71 Safari/537.36"""
74,10.143.2.25,2022/01/22 08:05:46,200,20302,https://intranet.smith.russellmitchell.com/?p=5,GET,/wp-content/plugins/wpdiscuz/themes/default/style.css?ver=7.0.4,HTTP/1.1,"""Mozilla/5.0 (X11; Linux x86_64) AppleWebKit/537.36 (KHTML, like Gecko) HeadlessChrome/97.0.4692.71 Safari/537.36"""
75,10.143.2.25,2022/01/22 08:05:46,200,4570,https://intranet.smith.russellmitchell.com/?p=5,GET,/wp-includes/js/jquery/jquery-migrate.min.js?ver=3.3.2,HTTP/1.1,"""Mozilla/5.0 (X11; Linux x86_64) AppleWebKit/537.36 (KHTML, like Gecko) HeadlessChrome/97.0.4692.71 Safari/537.36"""
76,10.143.2.25,2022/01/22 08:05:46,200,23313,https://intranet.smith.russellmitchell.com/?p=5,GET,/wp-content/themes/go/dist/css/style-shared.min.css?ver=1.5.2,HTTP/1.1,"""Mozilla/5.0 (X11; Linux x86_64) AppleWebKit/537.36 (KHTML, like Gecko) HeadlessChrome/97.0.4692.71 Safari/537.36"""
77,10.143.2.25,2022/01/22 08:05:46,200,31377,https://intranet.smith.russellmitchell.com/?p=5,GET,/wp-includes/js/jquery/jquery.min.js?ver=3.6.0,HTTP/1.1,"""Mozilla/5.0 (X11; Linux x86_64) AppleWebKit/537.36 (KHTML, like Gecko) HeadlessChrome/97.0.4692.71 Safari/537.36"""
78,10.143.2.25,2022/01/22 08:05:46,200,5331,https://intranet.smith.russellmitchell.com/?p=5,GET,/wp-includes/js/wp-emoji-release.min.js?ver=5.8.3,HTTP/1.1,"""Mozilla/5.0 (X11; Linux x86_64) AppleWebKit/537.36 (KHTML, like Gecko) HeadlessChrome/97.0.4692.71 Safari/537.36"""
79,10.143.2.25,2022/01/22 08:05:46,200,18908,https://intranet.smith.russellmitchell.com/wp-content/plugins/wpdiscuz/themes/default/style.css?ver=7.0.4,GET,/wp-content/plugins/wpdiscuz/themes/default/css/fonts/sqr721c-webfont.woff2,HTTP/1.1,"""Mozilla/5.0 (X11; Linux x86_64) AppleWebKit/537.36 (KHTML, like Gecko) HeadlessChrome/97.0.4692.71 Safari/537.36"""
80,10.143.2.25,2022/01/22 08:05:46,200,79823,https://intranet.smith.russellmitchell.com/wp-content/plugins/wpdiscuz/assets/third-party/font-awesome-5.13.0/css/fa.min.css?ver=7.0.4,GET,/wp-content/plugins/wpdiscuz/assets/third-party/font-awesome-5.13.0/webfonts/fa-solid-900.woff2,HTTP/1.1,"""Mozilla/5.0 (X11; Linux x86_64) AppleWebKit/537.36 (KHTML, like Gecko) HeadlessChrome/97.0.4692.71 Safari/537.36"""
81,10.143.2.25,2022/01/22 08:05:46,200,13874,https://intranet.smith.russellmitchell.com/wp-content/plugins/wpdiscuz/assets/third-party/font-awesome-5.13.0/css/fa.min.css?ver=7.0.4,GET,/wp-content/plugins/wpdiscuz/assets/third-party/font-awesome-5.13.0/webfonts/fa-regular-400.woff2,HTTP/1.1,"""Mozilla/5.0 (X11; Linux x86_64) AppleWebKit/537.36 (KHTML, like Gecko) HeadlessChrome/97.0.4692.71 Safari/537.36"""
82,10.143.2.25,2022/01/22 08:05:46,200,76991,https://intranet.smith.russellmitchell.com/wp-content/plugins/wpdiscuz/assets/third-party/font-awesome-5.13.0/css/fa.min.css?ver=7.0.4,GET,/wp-content/plugins/wpdiscuz/assets/third-party/font-awesome-5.13.0/webfonts/fa-brands-400.woff2,HTTP/1.1,"""Mozilla/5.0 (X11; Linux x86_64) AppleWebKit/537.36 (KHTML, like Gecko) HeadlessChrome/97.0.4692.71 Safari/537.36"""
83,10.143.2.25,2022/01/22 08:05:46,200,1702,https://intranet.smith.russellmitchell.com/?p=5,GET,/wp-includes/js/comment-reply.min.js?ver=5.8.3,HTTP/1.1,"""Mozilla/5.0 (X11; Linux x86_64) AppleWebKit/537.36 (KHTML, like Gecko) HeadlessChrome/97.0.4692.71 Safari/537.36"""
84,10.143.2.25,2022/01/22 08:05:46,200,2981,https://intranet.smith.russellmitchell.com/?p=5,GET,/wp-content/themes/go/dist/js/frontend.min.js?ver=1.5.2,HTTP/1.1,"""Mozilla/5.0 (X11; Linux x86_64) AppleWebKit/537.36 (KHTML, like Gecko) HeadlessChrome/97.0.4692.71 Safari/537.36"""
85,10.143.2.25,2022/01/22 08:05:46,200,4141,https://intranet.smith.russellmitchell.com/?p=5,GET,/wp-includes/js/wp-embed.min.js?ver=5.8.3,HTTP/1.1,"""Mozilla/5.0 (X11; Linux x86_64) AppleWebKit/537.36 (KHTML, like Gecko) HeadlessChrome/97.0.4692.71 Safari/537.36"""
86,10.143.2.25,2022/01/22 08:05:46,200,71266,https://intranet.smith.russellmitchell.com/?p=5,GET,/wp-content/plugins/wpdiscuz/assets/js/wpdiscuz-combo.min.js?ver=7.0.4,HTTP/1.1,"""Mozilla/5.0 (X11; Linux x86_64) AppleWebKit/537.36 (KHTML, like Gecko) HeadlessChrome/97.0.4692.71 Safari/537.36"""
87,10.143.2.25,2022/01/22 08:06:06,408,3020,-,,,,"""-"""
88,10.143.2.25,2022/01/22 08:06:06,408,3020,-,,,,"""-"""
89,::1,2022/01/22 08:06:08,200,110,-,OPTIONS,*,HTTP/1.0,"""Apache/2.4.29 (Ubuntu) OpenSSL/1.1.1 (internal dummy connection)"""
90,10.143.2.25,2022/01/22 08:08:52,200,4069,https://intranet.smith.russellmitchell.com/wp-content/plugins/wpdiscuz/themes/default/style.css?ver=7.0.4,GET,/wp-content/plugins/wpdiscuz/assets/img/loading.gif,HTTP/1.1,"""Mozilla/5.0 (X11; Linux x86_64) AppleWebKit/537.36 (KHTML, like Gecko) HeadlessChrome/97.0.4692.71 Safari/537.36"""
91,10.143.2.25,2022/01/22 08:08:52,200,1237,https://intranet.smith.russellmitchell.com/?p=5,POST,/wp-admin/admin-ajax.php,HTTP/1.1,"""Mozilla/5.0 (X11; Linux x86_64) AppleWebKit/537.36 (KHTML, like Gecko) HeadlessChrome/97.0.4692.71 Safari/537.36"""
92,10.143.2.25,2022/01/22 08:09:01,200,6202,-,GET,/,HTTP/1.1,"""Mozilla/5.0 (X11; Linux x86_64) AppleWebKit/537.36 (KHTML, like Gecko) HeadlessChrome/97.0.4692.71 Safari/537.36"""
93,10.143.2.91,2022/01/22 08:28:13,200,6202,-,GET,/,HTTP/1.1,"""Mozilla/5.0 (X11; Ubuntu; Linux x86_64; rv:86.0) Gecko/20100101 Firefox/86.0"""
94,10.143.2.4,2022/01/22 08:28:13,200,150,-,POST,/wp-cron.php?doing_wp_cron=1642840093.4438259601593017578125,HTTP/1.1,"""WordPress/5.8.3; https://intranet.smith.russellmitchell.com"""
95,10.143.2.91,2022/01/22 08:28:13,200,10846,http://intranet.smith.russellmitchell.com/,GET,/wp-includes/css/dist/block-library/style.min.css?ver=5.8.3,HTTP/1.1,"""Mozilla/5.0 (X11; Ubuntu; Linux x86_64; rv:86.0) Gecko/20100101 Firefox/86.0"""
96,10.143.2.91,2022/01/22 08:28:13,200,1412,http://intranet.smith.russellmitchell.com/,GET,/wp-content/themes/go/dist/css/design-styles/style-traditional.min.css?ver=1.5.2,HTTP/1.1,"""Mozilla/5.0 (X11; Ubuntu; Linux x86_64; rv:86.0) Gecko/20100101 Firefox/86.0"""
97,10.143.2.91,2022/01/22 08:28:13,200,2916,http://intranet.smith.russellmitchell.com/,GET,/wp-content/themes/go/dist/js/frontend.min.js?ver=1.5.2,HTTP/1.1,"""Mozilla/5.0 (X11; Ubuntu; Linux x86_64; rv:86.0) Gecko/20100101 Firefox/86.0"""
98,10.143.2.91,2022/01/22 08:28:13,200,1099,http://intranet.smith.russellmitchell.com/,GET,/wp-includes/js/wp-embed.min.js?ver=5.8.3,HTTP/1.1,"""Mozilla/5.0 (X11; Ubuntu; Linux x86_64; rv:86.0) Gecko/20100101 Firefox/86.0"""
99,10.143.2.91,2022/01/22 08:28:13,200,5266,http://intranet.smith.russellmitchell.com/,GET,/wp-includes/js/wp-emoji-release.min.js?ver=5.8.3,HTTP/1.1,"""Mozilla/5.0 (X11; Ubuntu; Linux x86_64; rv:86.0) Gecko/20100101 Firefox/86.0"""
100,10.143.2.91,2022/01/22 08:28:13,200,23204,http://intranet.smith.russellmitchell.com/,GET,/wp-content/themes/go/dist/css/style-shared.min.css?ver=1.5.2,HTTP/1.1,"""Mozilla/5.0 (X11; Ubuntu; Linux x86_64; rv:86.0) Gecko/20100101 Firefox/86.0"""
101,10.143.2.91,2022/01/22 08:28:14,404,396,http://intranet.smith.russellmitchell.com/,GET,/favicon.ico,HTTP/1.1,"""Mozilla/5.0 (X11; Ubuntu; Linux x86_64; rv:86.0) Gecko/20100101 Firefox/86.0"""
102,::1,2022/01/22 08:28:19,200,110,-,OPTIONS,*,HTTP/1.0,"""Apache/2.4.29 (Ubuntu) OpenSSL/1.1.1 (internal dummy connection)"""
103,10.143.2.91,2022/01/22 08:33:19,200,27937,-,GET,/?p=5,HTTP/1.1,"""Mozilla/5.0 (X11; Ubuntu; Linux x86_64; rv:86.0) Gecko/20100101 Firefox/86.0"""
104,10.143.2.91,2022/01/22 08:33:19,200,10934,https://intranet.smith.russellmitchell.com/?p=5,GET,/wp-includes/css/dist/block-library/style.min.css?ver=5.8.3,HTTP/1.1,"""Mozilla/5.0 (X11; Ubuntu; Linux x86_64; rv:86.0) Gecko/20100101 Firefox/86.0"""
105,10.143.2.91,2022/01/22 08:33:19,200,19726,https://intranet.smith.russellmitchell.com/?p=5,GET,/wp-content/plugins/wpdiscuz/themes/default/style.css?ver=7.0.4,HTTP/1.1,"""Mozilla/5.0 (X11; Ubuntu; Linux x86_64; rv:86.0) Gecko/20100101 Firefox/86.0"""
106,10.143.2.91,2022/01/22 08:33:19,200,2888,https://intranet.smith.russellmitchell.com/?p=5,GET,/wp-content/plugins/wpdiscuz/assets/third-party/font-awesome-5.13.0/css/fa.min.css?ver=7.0.4,HTTP/1.1,"""Mozilla/5.0 (X11; Ubuntu; Linux x86_64; rv:86.0) Gecko/20100101 Firefox/86.0"""
107,10.143.2.91,2022/01/22 08:33:19,200,7375,https://intranet.smith.russellmitchell.com/?p=5,GET,/wp-content/plugins/wpdiscuz/assets/css/wpdiscuz-combo.min.css?ver=5.8.3,HTTP/1.1,"""Mozilla/5.0 (X11; Ubuntu; Linux x86_64; rv:86.0) Gecko/20100101 Firefox/86.0"""
108,10.143.2.91,2022/01/22 08:33:19,200,4570,https://intranet.smith.russellmitchell.com/?p=5,GET,/wp-includes/js/jquery/jquery-migrate.min.js?ver=3.3.2,HTTP/1.1,"""Mozilla/5.0 (X11; Ubuntu; Linux x86_64; rv:86.0) Gecko/20100101 Firefox/86.0"""
109,10.143.2.91,2022/01/22 08:33:19,200,5907,https://intranet.smith.russellmitchell.com/?p=5,GET,/wp-includes/js/wp-emoji-release.min.js?ver=5.8.3,HTTP/1.1,"""Mozilla/5.0 (X11; Ubuntu; Linux x86_64; rv:86.0) Gecko/20100101 Firefox/86.0"""
110,10.143.2.91,2022/01/22 08:33:19,200,2981,https://intranet.smith.russellmitchell.com/?p=5,GET,/wp-content/themes/go/dist/js/frontend.min.js?ver=1.5.2,HTTP/1.1,"""Mozilla/5.0 (X11; Ubuntu; Linux x86_64; rv:86.0) Gecko/20100101 Firefox/86.0"""
111,10.143.2.91,2022/01/22 08:33:19,200,2009,https://intranet.smith.russellmitchell.com/?p=5,GET,/wp-content/themes/go/dist/css/design-styles/style-traditional.min.css?ver=1.5.2,HTTP/1.1,"""Mozilla/5.0 (X11; Ubuntu; Linux x86_64; rv:86.0) Gecko/20100101 Firefox/86.0"""
112,10.143.2.91,2022/01/22 08:33:19,200,1120,https://intranet.smith.russellmitchell.com/?p=5,GET,/wp-includes/js/wp-embed.min.js?ver=5.8.3,HTTP/1.1,"""Mozilla/5.0 (X11; Ubuntu; Linux x86_64; rv:86.0) Gecko/20100101 Firefox/86.0"""
113,10.143.2.91,2022/01/22 08:33:19,200,1702,https://intranet.smith.russellmitchell.com/?p=5,GET,/wp-includes/js/comment-reply.min.js?ver=5.8.3,HTTP/1.1,"""Mozilla/5.0 (X11; Ubuntu; Linux x86_64; rv:86.0) Gecko/20100101 Firefox/86.0"""
114,10.143.2.91,2022/01/22 08:33:19,200,23889,https://intranet.smith.russellmitchell.com/?p=5,GET,/wp-content/themes/go/dist/css/style-shared.min.css?ver=1.5.2,HTTP/1.1,"""Mozilla/5.0 (X11; Ubuntu; Linux x86_64; rv:86.0) Gecko/20100101 Firefox/86.0"""
115,10.143.2.91,2022/01/22 08:33:19,200,31953,https://intranet.smith.russellmitchell.com/?p=5,GET,/wp-includes/js/jquery/jquery.min.js?ver=3.6.0,HTTP/1.1,"""Mozilla/5.0 (X11; Ubuntu; Linux x86_64; rv:86.0) Gecko/20100101 Firefox/86.0"""
116,10.143.2.91,2022/01/22 08:33:19,200,71266,https://intranet.smith.russellmitchell.com/?p=5,GET,/wp-content/plugins/wpdiscuz/assets/js/wpdiscuz-combo.min.js?ver=7.0.4,HTTP/1.1,"""Mozilla/5.0 (X11; Ubuntu; Linux x86_64; rv:86.0) Gecko/20100101 Firefox/86.0"""
117,10.143.2.91,2022/01/22 08:33:19,200,18908,https://intranet.smith.russellmitchell.com/wp-content/plugins/wpdiscuz/themes/default/style.css?ver=7.0.4,GET,/wp-content/plugins/wpdiscuz/themes/default/css/fonts/sqr721c-webfont.woff2,HTTP/1.1,"""Mozilla/5.0 (X11; Ubuntu; Linux x86_64; rv:86.0) Gecko/20100101 Firefox/86.0"""
118,10.143.2.91,2022/01/22 08:33:19,200,13874,https://intranet.smith.russellmitchell.com/wp-content/plugins/wpdiscuz/assets/third-party/font-awesome-5.13.0/css/fa.min.css?ver=7.0.4,GET,/wp-content/plugins/wpdiscuz/assets/third-party/font-awesome-5.13.0/webfonts/fa-regular-400.woff2,HTTP/1.1,"""Mozilla/5.0 (X11; Ubuntu; Linux x86_64; rv:86.0) Gecko/20100101 Firefox/86.0"""
119,10.143.2.91,2022/01/22 08:33:19,200,79823,https://intranet.smith.russellmitchell.com/wp-content/plugins/wpdiscuz/assets/third-party/font-awesome-5.13.0/css/fa.min.css?ver=7.0.4,GET,/wp-content/plugins/wpdiscuz/assets/third-party/font-awesome-5.13.0/webfonts/fa-solid-900.woff2,HTTP/1.1,"""Mozilla/5.0 (X11; Ubuntu; Linux x86_64; rv:86.0) Gecko/20100101 Firefox/86.0"""
120,10.143.2.91,2022/01/22 08:33:19,200,76991,https://intranet.smith.russellmitchell.com/wp-content/plugins/wpdiscuz/assets/third-party/font-awesome-5.13.0/css/fa.min.css?ver=7.0.4,GET,/wp-content/plugins/wpdiscuz/assets/third-party/font-awesome-5.13.0/webfonts/fa-brands-400.woff2,HTTP/1.1,"""Mozilla/5.0 (X11; Ubuntu; Linux x86_64; rv:86.0) Gecko/20100101 Firefox/86.0"""
121,10.143.2.91,2022/01/22 08:33:19,404,418,https://intranet.smith.russellmitchell.com/?p=5,GET,/favicon.ico,HTTP/1.1,"""Mozilla/5.0 (X11; Ubuntu; Linux x86_64; rv:86.0) Gecko/20100101 Firefox/86.0"""
122,::1,2022/01/22 08:33:25,200,110,-,OPTIONS,*,HTTP/1.0,"""Apache/2.4.29 (Ubuntu) OpenSSL/1.1.1 (internal dummy connection)"""
123,10.143.2.91,2022/01/22 08:38:56,200,6514,https://intranet.smith.russellmitchell.com/wp-content/plugins/wpdiscuz/themes/default/style.css?ver=7.0.4,GET,/wp-content/plugins/wpdiscuz/assets/img/loading.gif,HTTP/1.1,"""Mozilla/5.0 (X11; Ubuntu; Linux x86_64; rv:86.0) Gecko/20100101 Firefox/86.0"""
124,10.143.2.91,2022/01/22 08:38:56,200,3684,https://intranet.smith.russellmitchell.com/?p=5,POST,/wp-admin/admin-ajax.php,HTTP/1.1,"""Mozilla/5.0 (X11; Ubuntu; Linux x86_64; rv:86.0) Gecko/20100101 Firefox/86.0"""
125,10.143.2.91,2022/01/22 08:39:04,200,6202,-,GET,/,HTTP/1.1,"""Mozilla/5.0 (X11; Ubuntu; Linux x86_64; rv:86.0) Gecko/20100101 Firefox/86.0"""
126,10.143.2.91,2022/01/22 08:42:01,200,25506,-,GET,/?p=5,HTTP/1.1,"""Mozilla/5.0 (X11; Ubuntu; Linux x86_64; rv:86.0) Gecko/20100101 Firefox/86.0"""
127,10.143.2.91,2022/01/22 08:42:01,200,2888,https://intranet.smith.russellmitchell.com/?p=5,GET,/wp-content/plugins/wpdiscuz/assets/third-party/font-awesome-5.13.0/css/fa.min.css?ver=7.0.4,HTTP/1.1,"""Mozilla/5.0 (X11; Ubuntu; Linux x86_64; rv:86.0) Gecko/20100101 Firefox/86.0"""
128,10.143.2.91,2022/01/22 08:44:22,200,5791,https://intranet.smith.russellmitchell.com/?p=5,POST,/wp-admin/admin-ajax.php,HTTP/1.1,"""Mozilla/5.0 (X11; Ubuntu; Linux x86_64; rv:86.0) Gecko/20100101 Firefox/86.0"""
129,10.143.2.91,2022/01/22 08:44:22,200,549,https://intranet.smith.russellmitchell.com/?p=5,POST,/wp-admin/admin-ajax.php,HTTP/1.1,"""Mozilla/5.0 (X11; Ubuntu; Linux x86_64; rv:86.0) Gecko/20100101 Firefox/86.0"""
130,10.143.2.91,2022/01/22 08:44:40,200,6203,-,GET,/,HTTP/1.1,"""Mozilla/5.0 (X11; Ubuntu; Linux x86_64; rv:86.0) Gecko/20100101 Firefox/86.0"""
131,10.143.2.91,2022/01/22 08:50:03,200,28226,-,GET,/?p=5,HTTP/1.1,"""Mozilla/5.0 (X11; Ubuntu; Linux x86_64; rv:86.0) Gecko/20100101 Firefox/86.0"""
132,10.143.2.25,2022/01/22 08:52:09,200,6203,-,GET,/,HTTP/1.1,"""Mozilla/5.0 (X11; Linux x86_64) AppleWebKit/537.36 (KHTML, like Gecko) HeadlessChrome/97.0.4692.71 Safari/537.36"""
133,10.143.2.25,2022/01/22 08:53:47,200,28101,-,GET,/?p=5,HTTP/1.1,"""Mozilla/5.0 (X11; Linux x86_64) AppleWebKit/537.36 (KHTML, like Gecko) HeadlessChrome/97.0.4692.71 Safari/537.36"""
134,10.143.2.25,2022/01/22 08:53:48,200,10934,https://intranet.smith.russellmitchell.com/?p=5,GET,/wp-includes/css/dist/block-library/style.min.css?ver=5.8.3,HTTP/1.1,"""Mozilla/5.0 (X11; Linux x86_64) AppleWebKit/537.36 (KHTML, like Gecko) HeadlessChrome/97.0.4692.71 Safari/537.36"""
135,10.143.2.25,2022/01/22 08:53:48,200,20302,https://intranet.smith.russellmitchell.com/?p=5,GET,/wp-content/plugins/wpdiscuz/themes/default/style.css?ver=7.0.4,HTTP/1.1,"""Mozilla/5.0 (X11; Linux x86_64) AppleWebKit/537.36 (KHTML, like Gecko) HeadlessChrome/97.0.4692.71 Safari/537.36"""
136,10.143.2.25,2022/01/22 08:53:48,200,3464,https://intranet.smith.russellmitchell.com/?p=5,GET,/wp-content/plugins/wpdiscuz/assets/third-party/font-awesome-5.13.0/css/fa.min.css?ver=7.0.4,HTTP/1.1,"""Mozilla/5.0 (X11; Linux x86_64) AppleWebKit/537.36 (KHTML, like Gecko) HeadlessChrome/97.0.4692.71 Safari/537.36"""
137,10.143.2.25,2022/01/22 08:53:48,200,2009,https://intranet.smith.russellmitchell.com/?p=5,GET,/wp-content/themes/go/dist/css/design-styles/style-traditional.min.css?ver=1.5.2,HTTP/1.1,"""Mozilla/5.0 (X11; Linux x86_64) AppleWebKit/537.36 (KHTML, like Gecko) HeadlessChrome/97.0.4692.71 Safari/537.36"""
138,10.143.2.25,2022/01/22 08:53:48,200,4570,https://intranet.smith.russellmitchell.com/?p=5,GET,/wp-includes/js/jquery/jquery-migrate.min.js?ver=3.3.2,HTTP/1.1,"""Mozilla/5.0 (X11; Linux x86_64) AppleWebKit/537.36 (KHTML, like Gecko) HeadlessChrome/97.0.4692.71 Safari/537.36"""
139,10.143.2.25,2022/01/22 08:53:48,200,9820,https://intranet.smith.russellmitchell.com/?p=5,GET,/wp-content/plugins/wpdiscuz/assets/css/wpdiscuz-combo.min.css?ver=5.8.3,HTTP/1.1,"""Mozilla/5.0 (X11; Linux x86_64) AppleWebKit/537.36 (KHTML, like Gecko) HeadlessChrome/97.0.4692.71 Safari/537.36"""
140,10.143.2.25,2022/01/22 08:53:48,200,31377,https://intranet.smith.russellmitchell.com/?p=5,GET,/wp-includes/js/jquery/jquery.min.js?ver=3.6.0,HTTP/1.1,"""Mozilla/5.0 (X11; Linux x86_64) AppleWebKit/537.36 (KHTML, like Gecko) HeadlessChrome/97.0.4692.71 Safari/537.36"""
141,10.143.2.25,2022/01/22 08:53:48,200,23889,https://intranet.smith.russellmitchell.com/?p=5,GET,/wp-content/themes/go/dist/css/style-shared.min.css?ver=1.5.2,HTTP/1.1,"""Mozilla/5.0 (X11; Linux x86_64) AppleWebKit/537.36 (KHTML, like Gecko) HeadlessChrome/97.0.4692.71 Safari/537.36"""
142,10.143.2.25,2022/01/22 08:53:48,200,5331,https://intranet.smith.russellmitchell.com/?p=5,GET,/wp-includes/js/wp-emoji-release.min.js?ver=5.8.3,HTTP/1.1,"""Mozilla/5.0 (X11; Linux x86_64) AppleWebKit/537.36 (KHTML, like Gecko) HeadlessChrome/97.0.4692.71 Safari/537.36"""
143,10.143.2.25,2022/01/22 08:53:48,200,18908,https://intranet.smith.russellmitchell.com/wp-content/plugins/wpdiscuz/themes/default/style.css?ver=7.0.4,GET,/wp-content/plugins/wpdiscuz/themes/default/css/fonts/sqr721c-webfont.woff2,HTTP/1.1,"""Mozilla/5.0 (X11; Linux x86_64) AppleWebKit/537.36 (KHTML, like Gecko) HeadlessChrome/97.0.4692.71 Safari/537.36"""
144,10.143.2.25,2022/01/22 08:53:48,200,13874,https://intranet.smith.russellmitchell.com/wp-content/plugins/wpdiscuz/assets/third-party/font-awesome-5.13.0/css/fa.min.css?ver=7.0.4,GET,/wp-content/plugins/wpdiscuz/assets/third-party/font-awesome-5.13.0/webfonts/fa-regular-400.woff2,HTTP/1.1,"""Mozilla/5.0 (X11; Linux x86_64) AppleWebKit/537.36 (KHTML, like Gecko) HeadlessChrome/97.0.4692.71 Safari/537.36"""
145,10.143.2.25,2022/01/22 08:53:48,200,76991,https://intranet.smith.russellmitchell.com/wp-content/plugins/wpdiscuz/assets/third-party/font-awesome-5.13.0/css/fa.min.css?ver=7.0.4,GET,/wp-content/plugins/wpdiscuz/assets/third-party/font-awesome-5.13.0/webfonts/fa-brands-400.woff2,HTTP/1.1,"""Mozilla/5.0 (X11; Linux x86_64) AppleWebKit/537.36 (KHTML, like Gecko) HeadlessChrome/97.0.4692.71 Safari/537.36"""
146,10.143.2.25,2022/01/22 08:53:48,200,79823,https://intranet.smith.russellmitchell.com/wp-content/plugins/wpdiscuz/assets/third-party/font-awesome-5.13.0/css/fa.min.css?ver=7.0.4,GET,/wp-content/plugins/wpdiscuz/assets/third-party/font-awesome-5.13.0/webfonts/fa-solid-900.woff2,HTTP/1.1,"""Mozilla/5.0 (X11; Linux x86_64) AppleWebKit/537.36 (KHTML, like Gecko) HeadlessChrome/97.0.4692.71 Safari/537.36"""
147,10.143.2.25,2022/01/22 08:53:48,200,2981,https://intranet.smith.russellmitchell.com/?p=5,GET,/wp-content/themes/go/dist/js/frontend.min.js?ver=1.5.2,HTTP/1.1,"""Mozilla/5.0 (X11; Linux x86_64) AppleWebKit/537.36 (KHTML, like Gecko) HeadlessChrome/97.0.4692.71 Safari/537.36"""
148,10.143.2.25,2022/01/22 08:53:48,200,1702,https://intranet.smith.russellmitchell.com/?p=5,GET,/wp-includes/js/comment-reply.min.js?ver=5.8.3,HTTP/1.1,"""Mozilla/5.0 (X11; Linux x86_64) AppleWebKit/537.36 (KHTML, like Gecko) HeadlessChrome/97.0.4692.71 Safari/537.36"""
149,10.143.2.25,2022/01/22 08:53:48,200,1120,https://intranet.smith.russellmitchell.com/?p=5,GET,/wp-includes/js/wp-embed.min.js?ver=5.8.3,HTTP/1.1,"""Mozilla/5.0 (X11; Linux x86_64) AppleWebKit/537.36 (KHTML, like Gecko) HeadlessChrome/97.0.4692.71 Safari/537.36"""
150,10.143.2.25,2022/01/22 08:53:48,200,71266,https://intranet.smith.russellmitchell.com/?p=5,GET,/wp-content/plugins/wpdiscuz/assets/js/wpdiscuz-combo.min.js?ver=7.0.4,HTTP/1.1,"""Mozilla/5.0 (X11; Linux x86_64) AppleWebKit/537.36 (KHTML, like Gecko) HeadlessChrome/97.0.4692.71 Safari/537.36"""
151,::1,2022/01/22 08:53:56,200,110,-,OPTIONS,*,HTTP/1.0,"""Apache/2.4.29 (Ubuntu) OpenSSL/1.1.1 (internal dummy connection)"""
152,10.143.2.91,2022/01/22 08:54:35,200,1237,https://intranet.smith.russellmitchell.com/?p=5,POST,/wp-admin/admin-ajax.php,HTTP/1.1,"""Mozilla/5.0 (X11; Ubuntu; Linux x86_64; rv:86.0) Gecko/20100101 Firefox/86.0"""
153,10.143.2.91,2022/01/22 08:54:44,200,6203,-,GET,/,HTTP/1.1,"""Mozilla/5.0 (X11; Ubuntu; Linux x86_64; rv:86.0) Gecko/20100101 Firefox/86.0"""
154,10.143.2.25,2022/01/22 08:55:20,200,4069,https://intranet.smith.russellmitchell.com/wp-content/plugins/wpdiscuz/themes/default/style.css?ver=7.0.4,GET,/wp-content/plugins/wpdiscuz/assets/img/loading.gif,HTTP/1.1,"""Mozilla/5.0 (X11; Linux x86_64) AppleWebKit/537.36 (KHTML, like Gecko) HeadlessChrome/97.0.4692.71 Safari/537.36"""
155,10.143.2.25,2022/01/22 08:55:20,200,1237,https://intranet.smith.russellmitchell.com/?p=5,POST,/wp-admin/admin-ajax.php,HTTP/1.1,"""Mozilla/5.0 (X11; Linux x86_64) AppleWebKit/537.36 (KHTML, like Gecko) HeadlessChrome/97.0.4692.71 Safari/537.36"""
156,10.143.2.25,2022/01/22 08:55:58,200,5698,https://intranet.smith.russellmitchell.com/?p=5,POST,/wp-admin/admin-ajax.php,HTTP/1.1,"""Mozilla/5.0 (X11; Linux x86_64) AppleWebKit/537.36 (KHTML, like Gecko) HeadlessChrome/97.0.4692.71 Safari/537.36"""
157,10.143.2.25,2022/01/22 08:55:58,200,549,https://intranet.smith.russellmitchell.com/?p=5,POST,/wp-admin/admin-ajax.php,HTTP/1.1,"""Mozilla/5.0 (X11; Linux x86_64) AppleWebKit/537.36 (KHTML, like Gecko) HeadlessChrome/97.0.4692.71 Safari/537.36"""
158,10.143.2.25,2022/01/22 08:56:43,200,6203,-,GET,/,HTTP/1.1,"""Mozilla/5.0 (X11; Linux x86_64) AppleWebKit/537.36 (KHTML, like Gecko) HeadlessChrome/97.0.4692.71 Safari/537.36"""
159,10.143.2.25,2022/01/22 09:03:38,200,28349,-,GET,/?p=5,HTTP/1.1,"""Mozilla/5.0 (X11; Linux x86_64) AppleWebKit/537.36 (KHTML, like Gecko) HeadlessChrome/97.0.4692.71 Safari/537.36"""
160,10.143.2.25,2022/01/22 09:03:38,200,3464,https://intranet.smith.russellmitchell.com/?p=5,GET,/wp-content/plugins/wpdiscuz/assets/third-party/font-awesome-5.13.0/css/fa.min.css?ver=7.0.4,HTTP/1.1,"""Mozilla/5.0 (X11; Linux x86_64) AppleWebKit/537.36 (KHTML, like Gecko) HeadlessChrome/97.0.4692.71 Safari/537.36"""
161,10.143.2.25,2022/01/22 09:03:38,200,6799,https://intranet.smith.russellmitchell.com/?p=5,GET,/wp-content/plugins/wpdiscuz/assets/css/wpdiscuz-combo.min.css?ver=5.8.3,HTTP/1.1,"""Mozilla/5.0 (X11; Linux x86_64) AppleWebKit/537.36 (KHTML, like Gecko) HeadlessChrome/97.0.4692.71 Safari/537.36"""
162,10.143.2.25,2022/01/22 09:03:38,200,10934,https://intranet.smith.russellmitchell.com/?p=5,GET,/wp-includes/css/dist/block-library/style.min.css?ver=5.8.3,HTTP/1.1,"""Mozilla/5.0 (X11; Linux x86_64) AppleWebKit/537.36 (KHTML, like Gecko) HeadlessChrome/97.0.4692.71 Safari/537.36"""
163,10.143.2.25,2022/01/22 09:03:38,200,1433,https://intranet.smith.russellmitchell.com/?p=5,GET,/wp-content/themes/go/dist/css/design-styles/style-traditional.min.css?ver=1.5.2,HTTP/1.1,"""Mozilla/5.0 (X11; Linux x86_64) AppleWebKit/537.36 (KHTML, like Gecko) HeadlessChrome/97.0.4692.71 Safari/537.36"""
164,10.143.2.25,2022/01/22 09:03:38,200,20302,https://intranet.smith.russellmitchell.com/?p=5,GET,/wp-content/plugins/wpdiscuz/themes/default/style.css?ver=7.0.4,HTTP/1.1,"""Mozilla/5.0 (X11; Linux x86_64) AppleWebKit/537.36 (KHTML, like Gecko) HeadlessChrome/97.0.4692.71 Safari/537.36"""
165,10.143.2.25,2022/01/22 09:03:38,200,7591,https://intranet.smith.russellmitchell.com/?p=5,GET,/wp-includes/js/jquery/jquery-migrate.min.js?ver=3.3.2,HTTP/1.1,"""Mozilla/5.0 (X11; Linux x86_64) AppleWebKit/537.36 (KHTML, like Gecko) HeadlessChrome/97.0.4692.71 Safari/537.36"""
166,10.143.2.25,2022/01/22 09:03:38,200,23313,https://intranet.smith.russellmitchell.com/?p=5,GET,/wp-content/themes/go/dist/css/style-shared.min.css?ver=1.5.2,HTTP/1.1,"""Mozilla/5.0 (X11; Linux x86_64) AppleWebKit/537.36 (KHTML, like Gecko) HeadlessChrome/97.0.4692.71 Safari/537.36"""
167,10.143.2.25,2022/01/22 09:03:38,200,31377,https://intranet.smith.russellmitchell.com/?p=5,GET,/wp-includes/js/jquery/jquery.min.js?ver=3.6.0,HTTP/1.1,"""Mozilla/5.0 (X11; Linux x86_64) AppleWebKit/537.36 (KHTML, like Gecko) HeadlessChrome/97.0.4692.71 Safari/537.36"""
168,10.143.2.25,2022/01/22 09:03:38,200,5331,https://intranet.smith.russellmitchell.com/?p=5,GET,/wp-includes/js/wp-emoji-release.min.js?ver=5.8.3,HTTP/1.1,"""Mozilla/5.0 (X11; Linux x86_64) AppleWebKit/537.36 (KHTML, like Gecko) HeadlessChrome/97.0.4692.71 Safari/537.36"""
169,10.143.2.25,2022/01/22 09:03:39,200,18908,https://intranet.smith.russellmitchell.com/wp-content/plugins/wpdiscuz/themes/default/style.css?ver=7.0.4,GET,/wp-content/plugins/wpdiscuz/themes/default/css/fonts/sqr721c-webfont.woff2,HTTP/1.1,"""Mozilla/5.0 (X11; Linux x86_64) AppleWebKit/537.36 (KHTML, like Gecko) HeadlessChrome/97.0.4692.71 Safari/537.36"""
170,10.143.2.25,2022/01/22 09:03:39,200,13874,https://intranet.smith.russellmitchell.com/wp-content/plugins/wpdiscuz/assets/third-party/font-awesome-5.13.0/css/fa.min.css?ver=7.0.4,GET,/wp-content/plugins/wpdiscuz/assets/third-party/font-awesome-5.13.0/webfonts/fa-regular-400.woff2,HTTP/1.1,"""Mozilla/5.0 (X11; Linux x86_64) AppleWebKit/537.36 (KHTML, like Gecko) HeadlessChrome/97.0.4692.71 Safari/537.36"""
171,10.143.2.25,2022/01/22 09:03:39,200,76991,https://intranet.smith.russellmitchell.com/wp-content/plugins/wpdiscuz/assets/third-party/font-awesome-5.13.0/css/fa.min.css?ver=7.0.4,GET,/wp-content/plugins/wpdiscuz/assets/third-party/font-awesome-5.13.0/webfonts/fa-brands-400.woff2,HTTP/1.1,"""Mozilla/5.0 (X11; Linux x86_64) AppleWebKit/537.36 (KHTML, like Gecko) HeadlessChrome/97.0.4692.71 Safari/537.36"""
172,10.143.2.25,2022/01/22 09:03:39,200,79823,https://intranet.smith.russellmitchell.com/wp-content/plugins/wpdiscuz/assets/third-party/font-awesome-5.13.0/css/fa.min.css?ver=7.0.4,GET,/wp-content/plugins/wpdiscuz/assets/third-party/font-awesome-5.13.0/webfonts/fa-solid-900.woff2,HTTP/1.1,"""Mozilla/5.0 (X11; Linux x86_64) AppleWebKit/537.36 (KHTML, like Gecko) HeadlessChrome/97.0.4692.71 Safari/537.36"""
173,10.143.2.25,2022/01/22 09:03:39,200,2981,https://intranet.smith.russellmitchell.com/?p=5,GET,/wp-content/themes/go/dist/js/frontend.min.js?ver=1.5.2,HTTP/1.1,"""Mozilla/5.0 (X11; Linux x86_64) AppleWebKit/537.36 (KHTML, like Gecko) HeadlessChrome/97.0.4692.71 Safari/537.36"""
174,10.143.2.25,2022/01/22 09:03:39,200,1702,https://intranet.smith.russellmitchell.com/?p=5,GET,/wp-includes/js/comment-reply.min.js?ver=5.8.3,HTTP/1.1,"""Mozilla/5.0 (X11; Linux x86_64) AppleWebKit/537.36 (KHTML, like Gecko) HeadlessChrome/97.0.4692.71 Safari/537.36"""
175,10.143.2.25,2022/01/22 09:03:39,200,1120,https://intranet.smith.russellmitchell.com/?p=5,GET,/wp-includes/js/wp-embed.min.js?ver=5.8.3,HTTP/1.1,"""Mozilla/5.0 (X11; Linux x86_64) AppleWebKit/537.36 (KHTML, like Gecko) HeadlessChrome/97.0.4692.71 Safari/537.36"""
176,10.143.2.25,2022/01/22 09:03:39,200,71266,https://intranet.smith.russellmitchell.com/?p=5,GET,/wp-content/plugins/wpdiscuz/assets/js/wpdiscuz-combo.min.js?ver=7.0.4,HTTP/1.1,"""Mozilla/5.0 (X11; Linux x86_64) AppleWebKit/537.36 (KHTML, like Gecko) HeadlessChrome/97.0.4692.71 Safari/537.36"""
177,10.143.2.25,2022/01/22 09:03:58,408,3020,-,,,,"""-"""
178,10.143.2.25,2022/01/22 09:03:58,408,3020,-,,,,"""-"""
179,::1,2022/01/22 09:04:01,200,110,-,OPTIONS,*,HTTP/1.0,"""Apache/2.4.29 (Ubuntu) OpenSSL/1.1.1 (internal dummy connection)"""
180,10.143.2.25,2022/01/22 09:05:59,200,4069,https://intranet.smith.russellmitchell.com/wp-content/plugins/wpdiscuz/themes/default/style.css?ver=7.0.4,GET,/wp-content/plugins/wpdiscuz/assets/img/loading.gif,HTTP/1.1,"""Mozilla/5.0 (X11; Linux x86_64) AppleWebKit/537.36 (KHTML, like Gecko) HeadlessChrome/97.0.4692.71 Safari/537.36"""
181,10.143.2.25,2022/01/22 09:05:59,200,5748,https://intranet.smith.russellmitchell.com/?p=5,POST,/wp-admin/admin-ajax.php,HTTP/1.1,"""Mozilla/5.0 (X11; Linux x86_64) AppleWebKit/537.36 (KHTML, like Gecko) HeadlessChrome/97.0.4692.71 Safari/537.36"""
182,10.143.2.25,2022/01/22 09:05:59,200,549,https://intranet.smith.russellmitchell.com/?p=5,POST,/wp-admin/admin-ajax.php,HTTP/1.1,"""Mozilla/5.0 (X11; Linux x86_64) AppleWebKit/537.36 (KHTML, like Gecko) HeadlessChrome/97.0.4692.71 Safari/537.36"""
183,10.143.2.25,2022/01/22 09:07:23,200,5769,https://intranet.smith.russellmitchell.com/?p=5,POST,/wp-admin/admin-ajax.php,HTTP/1.1,"""Mozilla/5.0 (X11; Linux x86_64) AppleWebKit/537.36 (KHTML, like Gecko) HeadlessChrome/97.0.4692.71 Safari/537.36"""
184,10.143.2.25,2022/01/22 09:07:24,200,549,https://intranet.smith.russellmitchell.com/?p=5,POST,/wp-admin/admin-ajax.php,HTTP/1.1,"""Mozilla/5.0 (X11; Linux x86_64) AppleWebKit/537.36 (KHTML, like Gecko) HeadlessChrome/97.0.4692.71 Safari/537.36"""
185,10.143.2.25,2022/01/22 09:07:57,200,6203,-,GET,/,HTTP/1.1,"""Mozilla/5.0 (X11; Linux x86_64) AppleWebKit/537.36 (KHTML, like Gecko) HeadlessChrome/97.0.4692.71 Safari/537.36"""
186,10.143.2.25,2022/01/22 09:09:46,200,26227,-,GET,/?p=5,HTTP/1.1,"""Mozilla/5.0 (X11; Linux x86_64) AppleWebKit/537.36 (KHTML, like Gecko) HeadlessChrome/97.0.4692.71 Safari/537.36"""
187,10.143.2.25,2022/01/22 09:09:47,200,10934,https://intranet.smith.russellmitchell.com/?p=5,GET,/wp-includes/css/dist/block-library/style.min.css?ver=5.8.3,HTTP/1.1,"""Mozilla/5.0 (X11; Linux x86_64) AppleWebKit/537.36 (KHTML, like Gecko) HeadlessChrome/97.0.4692.71 Safari/537.36"""
188,10.143.2.25,2022/01/22 09:09:47,200,20302,https://intranet.smith.russellmitchell.com/?p=5,GET,/wp-content/plugins/wpdiscuz/themes/default/style.css?ver=7.0.4,HTTP/1.1,"""Mozilla/5.0 (X11; Linux x86_64) AppleWebKit/537.36 (KHTML, like Gecko) HeadlessChrome/97.0.4692.71 Safari/537.36"""
189,10.143.2.25,2022/01/22 09:09:47,200,3464,https://intranet.smith.russellmitchell.com/?p=5,GET,/wp-content/plugins/wpdiscuz/assets/third-party/font-awesome-5.13.0/css/fa.min.css?ver=7.0.4,HTTP/1.1,"""Mozilla/5.0 (X11; Linux x86_64) AppleWebKit/537.36 (KHTML, like Gecko) HeadlessChrome/97.0.4692.71 Safari/537.36"""
190,10.143.2.25,2022/01/22 09:09:47,200,2009,https://intranet.smith.russellmitchell.com/?p=5,GET,/wp-content/themes/go/dist/css/design-styles/style-traditional.min.css?ver=1.5.2,HTTP/1.1,"""Mozilla/5.0 (X11; Linux x86_64) AppleWebKit/537.36 (KHTML, like Gecko) HeadlessChrome/97.0.4692.71 Safari/537.36"""
191,10.143.2.25,2022/01/22 09:09:47,200,9820,https://intranet.smith.russellmitchell.com/?p=5,GET,/wp-content/plugins/wpdiscuz/assets/css/wpdiscuz-combo.min.css?ver=5.8.3,HTTP/1.1,"""Mozilla/5.0 (X11; Linux x86_64) AppleWebKit/537.36 (KHTML, like Gecko) HeadlessChrome/97.0.4692.71 Safari/537.36"""
192,10.143.2.25,2022/01/22 09:09:47,200,31377,https://intranet.smith.russellmitchell.com/?p=5,GET,/wp-includes/js/jquery/jquery.min.js?ver=3.6.0,HTTP/1.1,"""Mozilla/5.0 (X11; Linux x86_64) AppleWebKit/537.36 (KHTML, like Gecko) HeadlessChrome/97.0.4692.71 Safari/537.36"""
193,10.143.2.25,2022/01/22 09:09:47,200,23889,https://intranet.smith.russellmitchell.com/?p=5,GET,/wp-content/themes/go/dist/css/style-shared.min.css?ver=1.5.2,HTTP/1.1,"""Mozilla/5.0 (X11; Linux x86_64) AppleWebKit/537.36 (KHTML, like Gecko) HeadlessChrome/97.0.4692.71 Safari/537.36"""
194,10.143.2.25,2022/01/22 09:09:47,200,4570,https://intranet.smith.russellmitchell.com/?p=5,GET,/wp-includes/js/jquery/jquery-migrate.min.js?ver=3.3.2,HTTP/1.1,"""Mozilla/5.0 (X11; Linux x86_64) AppleWebKit/537.36 (KHTML, like Gecko) HeadlessChrome/97.0.4692.71 Safari/537.36"""
195,10.143.2.25,2022/01/22 09:09:47,200,5331,https://intranet.smith.russellmitchell.com/?p=5,GET,/wp-includes/js/wp-emoji-release.min.js?ver=5.8.3,HTTP/1.1,"""Mozilla/5.0 (X11; Linux x86_64) AppleWebKit/537.36 (KHTML, like Gecko) HeadlessChrome/97.0.4692.71 Safari/537.36"""
196,10.143.2.25,2022/01/22 09:09:47,200,18908,https://intranet.smith.russellmitchell.com/wp-content/plugins/wpdiscuz/themes/default/style.css?ver=7.0.4,GET,/wp-content/plugins/wpdiscuz/themes/default/css/fonts/sqr721c-webfont.woff2,HTTP/1.1,"""Mozilla/5.0 (X11; Linux x86_64) AppleWebKit/537.36 (KHTML, like Gecko) HeadlessChrome/97.0.4692.71 Safari/537.36"""
197,10.143.2.25,2022/01/22 09:09:47,200,13874,https://intranet.smith.russellmitchell.com/wp-content/plugins/wpdiscuz/assets/third-party/font-awesome-5.13.0/css/fa.min.css?ver=7.0.4,GET,/wp-content/plugins/wpdiscuz/assets/third-party/font-awesome-5.13.0/webfonts/fa-regular-400.woff2,HTTP/1.1,"""Mozilla/5.0 (X11; Linux x86_64) AppleWebKit/537.36 (KHTML, like Gecko) HeadlessChrome/97.0.4692.71 Safari/537.36"""
198,10.143.2.25,2022/01/22 09:09:47,200,79823,https://intranet.smith.russellmitchell.com/wp-content/plugins/wpdiscuz/assets/third-party/font-awesome-5.13.0/css/fa.min.css?ver=7.0.4,GET,/wp-content/plugins/wpdiscuz/assets/third-party/font-awesome-5.13.0/webfonts/fa-solid-900.woff2,HTTP/1.1,"""Mozilla/5.0 (X11; Linux x86_64) AppleWebKit/537.36 (KHTML, like Gecko) HeadlessChrome/97.0.4692.71 Safari/537.36"""
199,10.143.2.25,2022/01/22 09:09:47,200,76991,https://intranet.smith.russellmitchell.com/wp-content/plugins/wpdiscuz/assets/third-party/font-awesome-5.13.0/css/fa.min.css?ver=7.0.4,GET,/wp-content/plugins/wpdiscuz/assets/third-party/font-awesome-5.13.0/webfonts/fa-brands-400.woff2,HTTP/1.1,"""Mozilla/5.0 (X11; Linux x86_64) AppleWebKit/537.36 (KHTML, like Gecko) HeadlessChrome/97.0.4692.71 Safari/537.36"""
200,10.143.2.25,2022/01/22 09:09:47,200,1702,https://intranet.smith.russellmitchell.com/?p=5,GET,/wp-includes/js/comment-reply.min.js?ver=5.8.3,HTTP/1.1,"""Mozilla/5.0 (X11; Linux x86_64) AppleWebKit/537.36 (KHTML, like Gecko) HeadlessChrome/97.0.4692.71 Safari/537.36"""
201,10.143.2.25,2022/01/22 09:09:47,200,2981,https://intranet.smith.russellmitchell.com/?p=5,GET,/wp-content/themes/go/dist/js/frontend.min.js?ver=1.5.2,HTTP/1.1,"""Mozilla/5.0 (X11; Linux x86_64) AppleWebKit/537.36 (KHTML, like Gecko) HeadlessChrome/97.0.4692.71 Safari/537.36"""
202,10.143.2.25,2022/01/22 09:09:47,200,1120,https://intranet.smith.russellmitchell.com/?p=5,GET,/wp-includes/js/wp-embed.min.js?ver=5.8.3,HTTP/1.1,"""Mozilla/5.0 (X11; Linux x86_64) AppleWebKit/537.36 (KHTML, like Gecko) HeadlessChrome/97.0.4692.71 Safari/537.36"""
203,10.143.2.25,2022/01/22 09:09:47,200,71266,https://intranet.smith.russellmitchell.com/?p=5,GET,/wp-content/plugins/wpdiscuz/assets/js/wpdiscuz-combo.min.js?ver=7.0.4,HTTP/1.1,"""Mozilla/5.0 (X11; Linux x86_64) AppleWebKit/537.36 (KHTML, like Gecko) HeadlessChrome/97.0.4692.71 Safari/537.36"""
204,::1,2022/01/22 09:09:55,200,110,-,OPTIONS,*,HTTP/1.0,"""Apache/2.4.29 (Ubuntu) OpenSSL/1.1.1 (internal dummy connection)"""
205,10.143.2.25,2022/01/22 09:15:37,200,6514,https://intranet.smith.russellmitchell.com/wp-content/plugins/wpdiscuz/themes/default/style.css?ver=7.0.4,GET,/wp-content/plugins/wpdiscuz/assets/img/loading.gif,HTTP/1.1,"""Mozilla/5.0 (X11; Linux x86_64) AppleWebKit/537.36 (KHTML, like Gecko) HeadlessChrome/97.0.4692.71 Safari/537.36"""
206,10.143.2.25,2022/01/22 09:15:37,200,8129,https://intranet.smith.russellmitchell.com/?p=5,POST,/wp-admin/admin-ajax.php,HTTP/1.1,"""Mozilla/5.0 (X11; Linux x86_64) AppleWebKit/537.36 (KHTML, like Gecko) HeadlessChrome/97.0.4692.71 Safari/537.36"""
207,10.143.2.25,2022/01/22 09:15:37,200,549,https://intranet.smith.russellmitchell.com/?p=5,POST,/wp-admin/admin-ajax.php,HTTP/1.1,"""Mozilla/5.0 (X11; Linux x86_64) AppleWebKit/537.36 (KHTML, like Gecko) HeadlessChrome/97.0.4692.71 Safari/537.36"""
208,10.143.2.25,2022/01/22 09:16:19,200,6203,-,GET,/,HTTP/1.1,"""Mozilla/5.0 (X11; Linux x86_64) AppleWebKit/537.36 (KHTML, like Gecko) HeadlessChrome/97.0.4692.71 Safari/537.36"""
209,172.19.131.174,2022/01/22 09:20:16,200,6203,-,GET,/,HTTP/1.1,"""Mozilla/5.0 (X11; Ubuntu; Linux x86_64; rv:86.0) Gecko/20100101 Firefox/86.0"""
210,172.19.131.174,2022/01/22 09:20:16,200,5265,http://intranet.smith.russellmitchell.com/,GET,/wp-includes/js/wp-emoji-release.min.js?ver=5.8.3,HTTP/1.1,"""Mozilla/5.0 (X11; Ubuntu; Linux x86_64; rv:86.0) Gecko/20100101 Firefox/86.0"""
211,172.19.131.174,2022/01/22 09:20:16,200,1099,http://intranet.smith.russellmitchell.com/,GET,/wp-includes/js/wp-embed.min.js?ver=5.8.3,HTTP/1.1,"""Mozilla/5.0 (X11; Ubuntu; Linux x86_64; rv:86.0) Gecko/20100101 Firefox/86.0"""
212,172.19.131.174,2022/01/22 09:20:16,200,1412,http://intranet.smith.russellmitchell.com/,GET,/wp-content/themes/go/dist/css/design-styles/style-traditional.min.css?ver=1.5.2,HTTP/1.1,"""Mozilla/5.0 (X11; Ubuntu; Linux x86_64; rv:86.0) Gecko/20100101 Firefox/86.0"""
213,172.19.131.174,2022/01/22 09:20:16,200,2916,http://intranet.smith.russellmitchell.com/,GET,/wp-content/themes/go/dist/js/frontend.min.js?ver=1.5.2,HTTP/1.1,"""Mozilla/5.0 (X11; Ubuntu; Linux x86_64; rv:86.0) Gecko/20100101 Firefox/86.0"""
214,172.19.131.174,2022/01/22 09:20:16,200,10847,http://intranet.smith.russellmitchell.com/,GET,/wp-includes/css/dist/block-library/style.min.css?ver=5.8.3,HTTP/1.1,"""Mozilla/5.0 (X11; Ubuntu; Linux x86_64; rv:86.0) Gecko/20100101 Firefox/86.0"""
215,172.19.131.174,2022/01/22 09:20:16,200,23204,http://intranet.smith.russellmitchell.com/,GET,/wp-content/themes/go/dist/css/style-shared.min.css?ver=1.5.2,HTTP/1.1,"""Mozilla/5.0 (X11; Ubuntu; Linux x86_64; rv:86.0) Gecko/20100101 Firefox/86.0"""
216,172.19.131.174,2022/01/22 09:20:17,404,396,http://intranet.smith.russellmitchell.com/,GET,/favicon.ico,HTTP/1.1,"""Mozilla/5.0 (X11; Ubuntu; Linux x86_64; rv:86.0) Gecko/20100101 Firefox/86.0"""
217,::1,2022/01/22 09:20:22,200,110,-,OPTIONS,*,HTTP/1.0,"""Apache/2.4.29 (Ubuntu) OpenSSL/1.1.1 (internal dummy connection)"""
218,10.143.3.65,2022/01/22 09:34:35,200,6203,-,GET,/,HTTP/1.1,"""Mozilla/5.0 (X11; Ubuntu; Linux x86_64; rv:86.0) Gecko/20100101 Firefox/86.0"""
219,10.143.2.4,2022/01/22 09:34:35,200,150,-,POST,/wp-cron.php?doing_wp_cron=1642844075.5731470584869384765625,HTTP/1.1,"""WordPress/5.8.3; https://intranet.smith.russellmitchell.com"""
220,10.143.3.65,2022/01/22 09:34:35,200,4194,http://intranet.smith.russellmitchell.com/,GET,/wp-content/themes/go/dist/css/style-shared.min.css?ver=1.5.2,HTTP/1.1,"""Mozilla/5.0 (X11; Ubuntu; Linux x86_64; rv:86.0) Gecko/20100101 Firefox/86.0"""
221,10.143.2.91,2022/01/22 09:52:35,200,6203,-,GET,/,HTTP/1.1,"""Mozilla/5.0 (X11; Ubuntu; Linux x86_64; rv:86.0) Gecko/20100101 Firefox/86.0"""
222,10.143.2.91,2022/01/22 09:52:35,200,10846,http://intranet.smith.russellmitchell.com/,GET,/wp-includes/css/dist/block-library/style.min.css?ver=5.8.3,HTTP/1.1,"""Mozilla/5.0 (X11; Ubuntu; Linux x86_64; rv:86.0) Gecko/20100101 Firefox/86.0"""
223,10.143.2.91,2022/01/22 09:52:35,200,23203,http://intranet.smith.russellmitchell.com/,GET,/wp-content/themes/go/dist/css/style-shared.min.css?ver=1.5.2,HTTP/1.1,"""Mozilla/5.0 (X11; Ubuntu; Linux x86_64; rv:86.0) Gecko/20100101 Firefox/86.0"""
224,10.143.2.91,2022/01/22 09:52:35,200,1412,http://intranet.smith.russellmitchell.com/,GET,/wp-content/themes/go/dist/css/design-styles/style-traditional.min.css?ver=1.5.2,HTTP/1.1,"""Mozilla/5.0 (X11; Ubuntu; Linux x86_64; rv:86.0) Gecko/20100101 Firefox/86.0"""
225,10.143.2.91,2022/01/22 09:52:35,200,1099,http://intranet.smith.russellmitchell.com/,GET,/wp-includes/js/wp-embed.min.js?ver=5.8.3,HTTP/1.1,"""Mozilla/5.0 (X11; Ubuntu; Linux x86_64; rv:86.0) Gecko/20100101 Firefox/86.0"""
226,10.143.2.91,2022/01/22 09:52:35,200,5266,http://intranet.smith.russellmitchell.com/,GET,/wp-includes/js/wp-emoji-release.min.js?ver=5.8.3,HTTP/1.1,"""Mozilla/5.0 (X11; Ubuntu; Linux x86_64; rv:86.0) Gecko/20100101 Firefox/86.0"""
227,10.143.2.91,2022/01/22 09:52:35,200,2915,http://intranet.smith.russellmitchell.com/,GET,/wp-content/themes/go/dist/js/frontend.min.js?ver=1.5.2,HTTP/1.1,"""Mozilla/5.0 (X11; Ubuntu; Linux x86_64; rv:86.0) Gecko/20100101 Firefox/86.0"""
228,10.143.2.91,2022/01/22 09:52:35,404,396,http://intranet.smith.russellmitchell.com/,GET,/favicon.ico,HTTP/1.1,"""Mozilla/5.0 (X11; Ubuntu; Linux x86_64; rv:86.0) Gecko/20100101 Firefox/86.0"""
229,10.143.2.91,2022/01/22 09:56:37,200,28573,-,GET,/?p=5,HTTP/1.1,"""Mozilla/5.0 (X11; Ubuntu; Linux x86_64; rv:86.0) Gecko/20100101 Firefox/86.0"""
230,10.143.2.91,2022/01/22 09:56:38,200,10934,https://intranet.smith.russellmitchell.com/?p=5,GET,/wp-includes/css/dist/block-library/style.min.css?ver=5.8.3,HTTP/1.1,"""Mozilla/5.0 (X11; Ubuntu; Linux x86_64; rv:86.0) Gecko/20100101 Firefox/86.0"""
231,10.143.2.91,2022/01/22 09:56:38,200,19726,https://intranet.smith.russellmitchell.com/?p=5,GET,/wp-content/plugins/wpdiscuz/themes/default/style.css?ver=7.0.4,HTTP/1.1,"""Mozilla/5.0 (X11; Ubuntu; Linux x86_64; rv:86.0) Gecko/20100101 Firefox/86.0"""
232,10.143.2.91,2022/01/22 09:56:38,200,2888,https://intranet.smith.russellmitchell.com/?p=5,GET,/wp-content/plugins/wpdiscuz/assets/third-party/font-awesome-5.13.0/css/fa.min.css?ver=7.0.4,HTTP/1.1,"""Mozilla/5.0 (X11; Ubuntu; Linux x86_64; rv:86.0) Gecko/20100101 Firefox/86.0"""
233,10.143.2.91,2022/01/22 09:56:38,200,7375,https://intranet.smith.russellmitchell.com/?p=5,GET,/wp-content/plugins/wpdiscuz/assets/css/wpdiscuz-combo.min.css?ver=5.8.3,HTTP/1.1,"""Mozilla/5.0 (X11; Ubuntu; Linux x86_64; rv:86.0) Gecko/20100101 Firefox/86.0"""
234,10.143.2.91,2022/01/22 09:56:38,200,31377,https://intranet.smith.russellmitchell.com/?p=5,GET,/wp-includes/js/jquery/jquery.min.js?ver=3.6.0,HTTP/1.1,"""Mozilla/5.0 (X11; Ubuntu; Linux x86_64; rv:86.0) Gecko/20100101 Firefox/86.0"""
235,10.143.2.91,2022/01/22 09:56:38,200,2981,https://intranet.smith.russellmitchell.com/?p=5,GET,/wp-content/themes/go/dist/js/frontend.min.js?ver=1.5.2,HTTP/1.1,"""Mozilla/5.0 (X11; Ubuntu; Linux x86_64; rv:86.0) Gecko/20100101 Firefox/86.0"""
236,10.143.2.91,2022/01/22 09:56:38,200,2009,https://intranet.smith.russellmitchell.com/?p=5,GET,/wp-content/themes/go/dist/css/design-styles/style-traditional.min.css?ver=1.5.2,HTTP/1.1,"""Mozilla/5.0 (X11; Ubuntu; Linux x86_64; rv:86.0) Gecko/20100101 Firefox/86.0"""
237,10.143.2.91,2022/01/22 09:56:38,200,5146,https://intranet.smith.russellmitchell.com/?p=5,GET,/wp-includes/js/jquery/jquery-migrate.min.js?ver=3.3.2,HTTP/1.1,"""Mozilla/5.0 (X11; Ubuntu; Linux x86_64; rv:86.0) Gecko/20100101 Firefox/86.0"""
238,10.143.2.91,2022/01/22 09:56:38,200,5907,https://intranet.smith.russellmitchell.com/?p=5,GET,/wp-includes/js/wp-emoji-release.min.js?ver=5.8.3,HTTP/1.1,"""Mozilla/5.0 (X11; Ubuntu; Linux x86_64; rv:86.0) Gecko/20100101 Firefox/86.0"""
239,10.143.2.91,2022/01/22 09:56:38,200,1702,https://intranet.smith.russellmitchell.com/?p=5,GET,/wp-includes/js/comment-reply.min.js?ver=5.8.3,HTTP/1.1,"""Mozilla/5.0 (X11; Ubuntu; Linux x86_64; rv:86.0) Gecko/20100101 Firefox/86.0"""
240,10.143.2.91,2022/01/22 09:56:38,200,1120,https://intranet.smith.russellmitchell.com/?p=5,GET,/wp-includes/js/wp-embed.min.js?ver=5.8.3,HTTP/1.1,"""Mozilla/5.0 (X11; Ubuntu; Linux x86_64; rv:86.0) Gecko/20100101 Firefox/86.0"""
241,10.143.2.91,2022/01/22 09:56:38,200,23889,https://intranet.smith.russellmitchell.com/?p=5,GET,/wp-content/themes/go/dist/css/style-shared.min.css?ver=1.5.2,HTTP/1.1,"""Mozilla/5.0 (X11; Ubuntu; Linux x86_64; rv:86.0) Gecko/20100101 Firefox/86.0"""
242,10.143.2.91,2022/01/22 09:56:38,200,71266,https://intranet.smith.russellmitchell.com/?p=5,GET,/wp-content/plugins/wpdiscuz/assets/js/wpdiscuz-combo.min.js?ver=7.0.4,HTTP/1.1,"""Mozilla/5.0 (X11; Ubuntu; Linux x86_64; rv:86.0) Gecko/20100101 Firefox/86.0"""
243,10.143.2.91,2022/01/22 09:56:38,200,18908,https://intranet.smith.russellmitchell.com/wp-content/plugins/wpdiscuz/themes/default/style.css?ver=7.0.4,GET,/wp-content/plugins/wpdiscuz/themes/default/css/fonts/sqr721c-webfont.woff2,HTTP/1.1,"""Mozilla/5.0 (X11; Ubuntu; Linux x86_64; rv:86.0) Gecko/20100101 Firefox/86.0"""
244,10.143.2.91,2022/01/22 09:56:38,200,13874,https://intranet.smith.russellmitchell.com/wp-content/plugins/wpdiscuz/assets/third-party/font-awesome-5.13.0/css/fa.min.css?ver=7.0.4,GET,/wp-content/plugins/wpdiscuz/assets/third-party/font-awesome-5.13.0/webfonts/fa-regular-400.woff2,HTTP/1.1,"""Mozilla/5.0 (X11; Ubuntu; Linux x86_64; rv:86.0) Gecko/20100101 Firefox/86.0"""
245,10.143.2.91,2022/01/22 09:56:38,200,79823,https://intranet.smith.russellmitchell.com/wp-content/plugins/wpdiscuz/assets/third-party/font-awesome-5.13.0/css/fa.min.css?ver=7.0.4,GET,/wp-content/plugins/wpdiscuz/assets/third-party/font-awesome-5.13.0/webfonts/fa-solid-900.woff2,HTTP/1.1,"""Mozilla/5.0 (X11; Ubuntu; Linux x86_64; rv:86.0) Gecko/20100101 Firefox/86.0"""
246,10.143.2.91,2022/01/22 09:56:38,200,76991,https://intranet.smith.russellmitchell.com/wp-content/plugins/wpdiscuz/assets/third-party/font-awesome-5.13.0/css/fa.min.css?ver=7.0.4,GET,/wp-content/plugins/wpdiscuz/assets/third-party/font-awesome-5.13.0/webfonts/fa-brands-400.woff2,HTTP/1.1,"""Mozilla/5.0 (X11; Ubuntu; Linux x86_64; rv:86.0) Gecko/20100101 Firefox/86.0"""
247,10.143.2.91,2022/01/22 09:56:38,404,418,https://intranet.smith.russellmitchell.com/?p=5,GET,/favicon.ico,HTTP/1.1,"""Mozilla/5.0 (X11; Ubuntu; Linux x86_64; rv:86.0) Gecko/20100101 Firefox/86.0"""
248,::1,2022/01/22 09:56:44,200,110,-,OPTIONS,*,HTTP/1.0,"""Apache/2.4.29 (Ubuntu) OpenSSL/1.1.1 (internal dummy connection)"""
249,10.143.2.91,2022/01/22 09:59:27,200,6203,-,GET,/,HTTP/1.1,"""Mozilla/5.0 (X11; Ubuntu; Linux x86_64; rv:86.0) Gecko/20100101 Firefox/86.0"""
250,10.143.2.91,2022/01/22 10:01:47,200,28561,-,GET,/?p=5,HTTP/1.1,"""Mozilla/5.0 (X11; Ubuntu; Linux x86_64; rv:86.0) Gecko/20100101 Firefox/86.0"""
251,10.143.2.91,2022/01/22 10:04:03,200,6203,-,GET,/,HTTP/1.1,"""Mozilla/5.0 (X11; Ubuntu; Linux x86_64; rv:86.0) Gecko/20100101 Firefox/86.0"""
252,10.143.2.91,2022/01/22 10:12:06,200,6203,-,GET,/,HTTP/1.1,"""Mozilla/5.0 (X11; Ubuntu; Linux x86_64; rv:86.0) Gecko/20100101 Firefox/86.0"""
253,10.143.2.91,2022/01/22 10:14:30,200,28543,-,GET,/?p=5,HTTP/1.1,"""Mozilla/5.0 (X11; Ubuntu; Linux x86_64; rv:86.0) Gecko/20100101 Firefox/86.0"""
254,10.143.2.91,2022/01/22 10:14:30,200,10934,https://intranet.smith.russellmitchell.com/?p=5,GET,/wp-includes/css/dist/block-library/style.min.css?ver=5.8.3,HTTP/1.1,"""Mozilla/5.0 (X11; Ubuntu; Linux x86_64; rv:86.0) Gecko/20100101 Firefox/86.0"""
255,10.143.2.91,2022/01/22 10:19:03,200,6203,-,GET,/,HTTP/1.1,"""Mozilla/5.0 (X11; Ubuntu; Linux x86_64; rv:86.0) Gecko/20100101 Firefox/86.0"""
256,10.143.2.91,2022/01/22 10:19:04,404,396,http://intranet.smith.russellmitchell.com/,GET,/favicon.ico,HTTP/1.1,"""Mozilla/5.0 (X11; Ubuntu; Linux x86_64; rv:86.0) Gecko/20100101 Firefox/86.0"""
257,172.19.131.174,2022/01/22 10:20:59,200,6203,-,GET,/,HTTP/1.1,"""Mozilla/5.0 (X11; Linux x86_64) AppleWebKit/537.36 (KHTML, like Gecko) HeadlessChrome/97.0.4692.71 Safari/537.36"""
258,172.19.131.174,2022/01/22 10:20:59,200,10846,http://intranet.smith.russellmitchell.com/,GET,/wp-includes/css/dist/block-library/style.min.css?ver=5.8.3,HTTP/1.1,"""Mozilla/5.0 (X11; Linux x86_64) AppleWebKit/537.36 (KHTML, like Gecko) HeadlessChrome/97.0.4692.71 Safari/537.36"""
259,172.19.131.174,2022/01/22 10:20:59,200,1412,http://intranet.smith.russellmitchell.com/,GET,/wp-content/themes/go/dist/css/design-styles/style-traditional.min.css?ver=1.5.2,HTTP/1.1,"""Mozilla/5.0 (X11; Linux x86_64) AppleWebKit/537.36 (KHTML, like Gecko) HeadlessChrome/97.0.4692.71 Safari/537.36"""
260,172.19.131.174,2022/01/22 10:20:59,200,2915,http://intranet.smith.russellmitchell.com/,GET,/wp-content/themes/go/dist/js/frontend.min.js?ver=1.5.2,HTTP/1.1,"""Mozilla/5.0 (X11; Linux x86_64) AppleWebKit/537.36 (KHTML, like Gecko) HeadlessChrome/97.0.4692.71 Safari/537.36"""
261,172.19.131.174,2022/01/22 10:20:59,200,1098,http://intranet.smith.russellmitchell.com/,GET,/wp-includes/js/wp-embed.min.js?ver=5.8.3,HTTP/1.1,"""Mozilla/5.0 (X11; Linux x86_64) AppleWebKit/537.36 (KHTML, like Gecko) HeadlessChrome/97.0.4692.71 Safari/537.36"""
262,172.19.131.174,2022/01/22 10:20:59,200,23204,http://intranet.smith.russellmitchell.com/,GET,/wp-content/themes/go/dist/css/style-shared.min.css?ver=1.5.2,HTTP/1.1,"""Mozilla/5.0 (X11; Linux x86_64) AppleWebKit/537.36 (KHTML, like Gecko) HeadlessChrome/97.0.4692.71 Safari/537.36"""
263,172.19.131.174,2022/01/22 10:21:00,200,5265,http://intranet.smith.russellmitchell.com/,GET,/wp-includes/js/wp-emoji-release.min.js?ver=5.8.3,HTTP/1.1,"""Mozilla/5.0 (X11; Linux x86_64) AppleWebKit/537.36 (KHTML, like Gecko) HeadlessChrome/97.0.4692.71 Safari/537.36"""
264,172.19.131.174,2022/01/22 10:21:51,408,0,-,,,,"""-"""
265,172.19.131.174,2022/01/22 10:26:49,200,28589,-,GET,/?p=5,HTTP/1.1,"""Mozilla/5.0 (X11; Linux x86_64) AppleWebKit/537.36 (KHTML, like Gecko) HeadlessChrome/97.0.4692.71 Safari/537.36"""
266,172.19.131.174,2022/01/22 10:26:49,200,10934,https://intranet.smith.russellmitchell.com/?p=5,GET,/wp-includes/css/dist/block-library/style.min.css?ver=5.8.3,HTTP/1.1,"""Mozilla/5.0 (X11; Linux x86_64) AppleWebKit/537.36 (KHTML, like Gecko) HeadlessChrome/97.0.4692.71 Safari/537.36"""
267,172.19.131.174,2022/01/22 10:26:49,200,3464,https://intranet.smith.russellmitchell.com/?p=5,GET,/wp-content/plugins/wpdiscuz/assets/third-party/font-awesome-5.13.0/css/fa.min.css?ver=7.0.4,HTTP/1.1,"""Mozilla/5.0 (X11; Linux x86_64) AppleWebKit/537.36 (KHTML, like Gecko) HeadlessChrome/97.0.4692.71 Safari/537.36"""
268,172.19.131.174,2022/01/22 10:26:49,200,9820,https://intranet.smith.russellmitchell.com/?p=5,GET,/wp-content/plugins/wpdiscuz/assets/css/wpdiscuz-combo.min.css?ver=5.8.3,HTTP/1.1,"""Mozilla/5.0 (X11; Linux x86_64) AppleWebKit/537.36 (KHTML, like Gecko) HeadlessChrome/97.0.4692.71 Safari/537.36"""
269,172.19.131.174,2022/01/22 10:26:49,200,20302,https://intranet.smith.russellmitchell.com/?p=5,GET,/wp-content/plugins/wpdiscuz/themes/default/style.css?ver=7.0.4,HTTP/1.1,"""Mozilla/5.0 (X11; Linux x86_64) AppleWebKit/537.36 (KHTML, like Gecko) HeadlessChrome/97.0.4692.71 Safari/537.36"""
270,172.19.131.174,2022/01/22 10:26:49,200,2009,https://intranet.smith.russellmitchell.com/?p=5,GET,/wp-content/themes/go/dist/css/design-styles/style-traditional.min.css?ver=1.5.2,HTTP/1.1,"""Mozilla/5.0 (X11; Linux x86_64) AppleWebKit/537.36 (KHTML, like Gecko) HeadlessChrome/97.0.4692.71 Safari/537.36"""
271,172.19.131.174,2022/01/22 10:26:49,200,4570,https://intranet.smith.russellmitchell.com/?p=5,GET,/wp-includes/js/jquery/jquery-migrate.min.js?ver=3.3.2,HTTP/1.1,"""Mozilla/5.0 (X11; Linux x86_64) AppleWebKit/537.36 (KHTML, like Gecko) HeadlessChrome/97.0.4692.71 Safari/537.36"""
272,172.19.131.174,2022/01/22 10:26:49,200,23313,https://intranet.smith.russellmitchell.com/?p=5,GET,/wp-content/themes/go/dist/css/style-shared.min.css?ver=1.5.2,HTTP/1.1,"""Mozilla/5.0 (X11; Linux x86_64) AppleWebKit/537.36 (KHTML, like Gecko) HeadlessChrome/97.0.4692.71 Safari/537.36"""
273,172.19.131.174,2022/01/22 10:26:49,200,31953,https://intranet.smith.russellmitchell.com/?p=5,GET,/wp-includes/js/jquery/jquery.min.js?ver=3.6.0,HTTP/1.1,"""Mozilla/5.0 (X11; Linux x86_64) AppleWebKit/537.36 (KHTML, like Gecko) HeadlessChrome/97.0.4692.71 Safari/537.36"""
274,172.19.131.174,2022/01/22 10:26:49,200,5331,https://intranet.smith.russellmitchell.com/?p=5,GET,/wp-includes/js/wp-emoji-release.min.js?ver=5.8.3,HTTP/1.1,"""Mozilla/5.0 (X11; Linux x86_64) AppleWebKit/537.36 (KHTML, like Gecko) HeadlessChrome/97.0.4692.71 Safari/537.36"""
275,172.19.131.174,2022/01/22 10:26:49,200,18908,https://intranet.smith.russellmitchell.com/wp-content/plugins/wpdiscuz/themes/default/style.css?ver=7.0.4,GET,/wp-content/plugins/wpdiscuz/themes/default/css/fonts/sqr721c-webfont.woff2,HTTP/1.1,"""Mozilla/5.0 (X11; Linux x86_64) AppleWebKit/537.36 (KHTML, like Gecko) HeadlessChrome/97.0.4692.71 Safari/537.36"""
276,172.19.131.174,2022/01/22 10:26:49,200,13874,https://intranet.smith.russellmitchell.com/wp-content/plugins/wpdiscuz/assets/third-party/font-awesome-5.13.0/css/fa.min.css?ver=7.0.4,GET,/wp-content/plugins/wpdiscuz/assets/third-party/font-awesome-5.13.0/webfonts/fa-regular-400.woff2,HTTP/1.1,"""Mozilla/5.0 (X11; Linux x86_64) AppleWebKit/537.36 (KHTML, like Gecko) HeadlessChrome/97.0.4692.71 Safari/537.36"""
277,172.19.131.174,2022/01/22 10:26:49,200,76991,https://intranet.smith.russellmitchell.com/wp-content/plugins/wpdiscuz/assets/third-party/font-awesome-5.13.0/css/fa.min.css?ver=7.0.4,GET,/wp-content/plugins/wpdiscuz/assets/third-party/font-awesome-5.13.0/webfonts/fa-brands-400.woff2,HTTP/1.1,"""Mozilla/5.0 (X11; Linux x86_64) AppleWebKit/537.36 (KHTML, like Gecko) HeadlessChrome/97.0.4692.71 Safari/537.36"""
278,172.19.131.174,2022/01/22 10:26:49,200,79823,https://intranet.smith.russellmitchell.com/wp-content/plugins/wpdiscuz/assets/third-party/font-awesome-5.13.0/css/fa.min.css?ver=7.0.4,GET,/wp-content/plugins/wpdiscuz/assets/third-party/font-awesome-5.13.0/webfonts/fa-solid-900.woff2,HTTP/1.1,"""Mozilla/5.0 (X11; Linux x86_64) AppleWebKit/537.36 (KHTML, like Gecko) HeadlessChrome/97.0.4692.71 Safari/537.36"""
279,172.19.131.174,2022/01/22 10:26:50,200,2981,https://intranet.smith.russellmitchell.com/?p=5,GET,/wp-content/themes/go/dist/js/frontend.min.js?ver=1.5.2,HTTP/1.1,"""Mozilla/5.0 (X11; Linux x86_64) AppleWebKit/537.36 (KHTML, like Gecko) HeadlessChrome/97.0.4692.71 Safari/537.36"""
280,172.19.131.174,2022/01/22 10:26:50,200,1702,https://intranet.smith.russellmitchell.com/?p=5,GET,/wp-includes/js/comment-reply.min.js?ver=5.8.3,HTTP/1.1,"""Mozilla/5.0 (X11; Linux x86_64) AppleWebKit/537.36 (KHTML, like Gecko) HeadlessChrome/97.0.4692.71 Safari/537.36"""
281,172.19.131.174,2022/01/22 10:26:50,200,1120,https://intranet.smith.russellmitchell.com/?p=5,GET,/wp-includes/js/wp-embed.min.js?ver=5.8.3,HTTP/1.1,"""Mozilla/5.0 (X11; Linux x86_64) AppleWebKit/537.36 (KHTML, like Gecko) HeadlessChrome/97.0.4692.71 Safari/537.36"""
282,172.19.131.174,2022/01/22 10:26:50,200,71266,https://intranet.smith.russellmitchell.com/?p=5,GET,/wp-content/plugins/wpdiscuz/assets/js/wpdiscuz-combo.min.js?ver=7.0.4,HTTP/1.1,"""Mozilla/5.0 (X11; Linux x86_64) AppleWebKit/537.36 (KHTML, like Gecko) HeadlessChrome/97.0.4692.71 Safari/537.36"""
283,::1,2022/01/22 10:26:57,200,110,-,OPTIONS,*,HTTP/1.0,"""Apache/2.4.29 (Ubuntu) OpenSSL/1.1.1 (internal dummy connection)"""
284,172.19.131.174,2022/01/22 10:32:02,200,6514,https://intranet.smith.russellmitchell.com/wp-content/plugins/wpdiscuz/themes/default/style.css?ver=7.0.4,GET,/wp-content/plugins/wpdiscuz/assets/img/loading.gif,HTTP/1.1,"""Mozilla/5.0 (X11; Linux x86_64) AppleWebKit/537.36 (KHTML, like Gecko) HeadlessChrome/97.0.4692.71 Safari/537.36"""
285,172.19.131.174,2022/01/22 10:32:02,200,7942,https://intranet.smith.russellmitchell.com/?p=5,POST,/wp-admin/admin-ajax.php,HTTP/1.1,"""Mozilla/5.0 (X11; Linux x86_64) AppleWebKit/537.36 (KHTML, like Gecko) HeadlessChrome/97.0.4692.71 Safari/537.36"""
286,172.19.131.174,2022/01/22 10:32:02,200,549,https://intranet.smith.russellmitchell.com/?p=5,POST,/wp-admin/admin-ajax.php,HTTP/1.1,"""Mozilla/5.0 (X11; Linux x86_64) AppleWebKit/537.36 (KHTML, like Gecko) HeadlessChrome/97.0.4692.71 Safari/537.36"""
287,172.19.131.174,2022/01/22 10:32:34,200,1239,https://intranet.smith.russellmitchell.com/?p=5,POST,/wp-admin/admin-ajax.php,HTTP/1.1,"""Mozilla/5.0 (X11; Linux x86_64) AppleWebKit/537.36 (KHTML, like Gecko) HeadlessChrome/97.0.4692.71 Safari/537.36"""
288,172.19.131.174,2022/01/22 10:33:10,200,5511,https://intranet.smith.russellmitchell.com/?p=5,POST,/wp-admin/admin-ajax.php,HTTP/1.1,"""Mozilla/5.0 (X11; Linux x86_64) AppleWebKit/537.36 (KHTML, like Gecko) HeadlessChrome/97.0.4692.71 Safari/537.36"""
289,172.19.131.174,2022/01/22 10:33:10,200,549,https://intranet.smith.russellmitchell.com/?p=5,POST,/wp-admin/admin-ajax.php,HTTP/1.1,"""Mozilla/5.0 (X11; Linux x86_64) AppleWebKit/537.36 (KHTML, like Gecko) HeadlessChrome/97.0.4692.71 Safari/537.36"""
290,172.19.131.174,2022/01/22 10:33:30,200,6203,-,GET,/,HTTP/1.1,"""Mozilla/5.0 (X11; Linux x86_64) AppleWebKit/537.36 (KHTML, like Gecko) HeadlessChrome/97.0.4692.71 Safari/537.36"""
291,10.143.3.65,2022/01/22 10:34:03,200,6203,-,GET,/,HTTP/1.1,"""Mozilla/5.0 (X11; Ubuntu; Linux x86_64; rv:86.0) Gecko/20100101 Firefox/86.0"""
292,172.19.131.174,2022/01/22 10:35:43,200,26216,-,GET,/?p=5,HTTP/1.1,"""Mozilla/5.0 (X11; Linux x86_64) AppleWebKit/537.36 (KHTML, like Gecko) HeadlessChrome/97.0.4692.71 Safari/537.36"""
293,172.19.131.174,2022/01/22 10:35:44,200,10934,https://intranet.smith.russellmitchell.com/?p=5,GET,/wp-includes/css/dist/block-library/style.min.css?ver=5.8.3,HTTP/1.1,"""Mozilla/5.0 (X11; Linux x86_64) AppleWebKit/537.36 (KHTML, like Gecko) HeadlessChrome/97.0.4692.71 Safari/537.36"""
294,172.19.131.174,2022/01/22 10:35:44,200,19726,https://intranet.smith.russellmitchell.com/?p=5,GET,/wp-content/plugins/wpdiscuz/themes/default/style.css?ver=7.0.4,HTTP/1.1,"""Mozilla/5.0 (X11; Linux x86_64) AppleWebKit/537.36 (KHTML, like Gecko) HeadlessChrome/97.0.4692.71 Safari/537.36"""
295,172.19.131.174,2022/01/22 10:35:44,200,3464,https://intranet.smith.russellmitchell.com/?p=5,GET,/wp-content/plugins/wpdiscuz/assets/third-party/font-awesome-5.13.0/css/fa.min.css?ver=7.0.4,HTTP/1.1,"""Mozilla/5.0 (X11; Linux x86_64) AppleWebKit/537.36 (KHTML, like Gecko) HeadlessChrome/97.0.4692.71 Safari/537.36"""
296,172.19.131.174,2022/01/22 10:35:44,200,7375,https://intranet.smith.russellmitchell.com/?p=5,GET,/wp-content/plugins/wpdiscuz/assets/css/wpdiscuz-combo.min.css?ver=5.8.3,HTTP/1.1,"""Mozilla/5.0 (X11; Linux x86_64) AppleWebKit/537.36 (KHTML, like Gecko) HeadlessChrome/97.0.4692.71 Safari/537.36"""
297,172.19.131.174,2022/01/22 10:35:44,200,2009,https://intranet.smith.russellmitchell.com/?p=5,GET,/wp-content/themes/go/dist/css/design-styles/style-traditional.min.css?ver=1.5.2,HTTP/1.1,"""Mozilla/5.0 (X11; Linux x86_64) AppleWebKit/537.36 (KHTML, like Gecko) HeadlessChrome/97.0.4692.71 Safari/537.36"""
298,172.19.131.174,2022/01/22 10:35:44,200,23889,https://intranet.smith.russellmitchell.com/?p=5,GET,/wp-content/themes/go/dist/css/style-shared.min.css?ver=1.5.2,HTTP/1.1,"""Mozilla/5.0 (X11; Linux x86_64) AppleWebKit/537.36 (KHTML, like Gecko) HeadlessChrome/97.0.4692.71 Safari/537.36"""
299,172.19.131.174,2022/01/22 10:35:44,200,4570,https://intranet.smith.russellmitchell.com/?p=5,GET,/wp-includes/js/jquery/jquery-migrate.min.js?ver=3.3.2,HTTP/1.1,"""Mozilla/5.0 (X11; Linux x86_64) AppleWebKit/537.36 (KHTML, like Gecko) HeadlessChrome/97.0.4692.71 Safari/537.36"""
300,172.19.131.174,2022/01/22 10:35:44,200,34398,https://intranet.smith.russellmitchell.com/?p=5,GET,/wp-includes/js/jquery/jquery.min.js?ver=3.6.0,HTTP/1.1,"""Mozilla/5.0 (X11; Linux x86_64) AppleWebKit/537.36 (KHTML, like Gecko) HeadlessChrome/97.0.4692.71 Safari/537.36"""
301,172.19.131.174,2022/01/22 10:35:44,200,5331,https://intranet.smith.russellmitchell.com/?p=5,GET,/wp-includes/js/wp-emoji-release.min.js?ver=5.8.3,HTTP/1.1,"""Mozilla/5.0 (X11; Linux x86_64) AppleWebKit/537.36 (KHTML, like Gecko) HeadlessChrome/97.0.4692.71 Safari/537.36"""
302,172.19.131.174,2022/01/22 10:35:44,200,18908,https://intranet.smith.russellmitchell.com/wp-content/plugins/wpdiscuz/themes/default/style.css?ver=7.0.4,GET,/wp-content/plugins/wpdiscuz/themes/default/css/fonts/sqr721c-webfont.woff2,HTTP/1.1,"""Mozilla/5.0 (X11; Linux x86_64) AppleWebKit/537.36 (KHTML, like Gecko) HeadlessChrome/97.0.4692.71 Safari/537.36"""
303,172.19.131.174,2022/01/22 10:35:44,200,13874,https://intranet.smith.russellmitchell.com/wp-content/plugins/wpdiscuz/assets/third-party/font-awesome-5.13.0/css/fa.min.css?ver=7.0.4,GET,/wp-content/plugins/wpdiscuz/assets/third-party/font-awesome-5.13.0/webfonts/fa-regular-400.woff2,HTTP/1.1,"""Mozilla/5.0 (X11; Linux x86_64) AppleWebKit/537.36 (KHTML, like Gecko) HeadlessChrome/97.0.4692.71 Safari/537.36"""
304,172.19.131.174,2022/01/22 10:35:45,200,76991,https://intranet.smith.russellmitchell.com/wp-content/plugins/wpdiscuz/assets/third-party/font-awesome-5.13.0/css/fa.min.css?ver=7.0.4,GET,/wp-content/plugins/wpdiscuz/assets/third-party/font-awesome-5.13.0/webfonts/fa-brands-400.woff2,HTTP/1.1,"""Mozilla/5.0 (X11; Linux x86_64) AppleWebKit/537.36 (KHTML, like Gecko) HeadlessChrome/97.0.4692.71 Safari/537.36"""
305,172.19.131.174,2022/01/22 10:35:45,200,79823,https://intranet.smith.russellmitchell.com/wp-content/plugins/wpdiscuz/assets/third-party/font-awesome-5.13.0/css/fa.min.css?ver=7.0.4,GET,/wp-content/plugins/wpdiscuz/assets/third-party/font-awesome-5.13.0/webfonts/fa-solid-900.woff2,HTTP/1.1,"""Mozilla/5.0 (X11; Linux x86_64) AppleWebKit/537.36 (KHTML, like Gecko) HeadlessChrome/97.0.4692.71 Safari/537.36"""
306,172.19.131.174,2022/01/22 10:35:45,200,2981,https://intranet.smith.russellmitchell.com/?p=5,GET,/wp-content/themes/go/dist/js/frontend.min.js?ver=1.5.2,HTTP/1.1,"""Mozilla/5.0 (X11; Linux x86_64) AppleWebKit/537.36 (KHTML, like Gecko) HeadlessChrome/97.0.4692.71 Safari/537.36"""
307,172.19.131.174,2022/01/22 10:35:45,200,1702,https://intranet.smith.russellmitchell.com/?p=5,GET,/wp-includes/js/comment-reply.min.js?ver=5.8.3,HTTP/1.1,"""Mozilla/5.0 (X11; Linux x86_64) AppleWebKit/537.36 (KHTML, like Gecko) HeadlessChrome/97.0.4692.71 Safari/537.36"""
308,172.19.131.174,2022/01/22 10:35:45,200,1120,https://intranet.smith.russellmitchell.com/?p=5,GET,/wp-includes/js/wp-embed.min.js?ver=5.8.3,HTTP/1.1,"""Mozilla/5.0 (X11; Linux x86_64) AppleWebKit/537.36 (KHTML, like Gecko) HeadlessChrome/97.0.4692.71 Safari/537.36"""
309,172.19.131.174,2022/01/22 10:35:45,200,71266,https://intranet.smith.russellmitchell.com/?p=5,GET,/wp-content/plugins/wpdiscuz/assets/js/wpdiscuz-combo.min.js?ver=7.0.4,HTTP/1.1,"""Mozilla/5.0 (X11; Linux x86_64) AppleWebKit/537.36 (KHTML, like Gecko) HeadlessChrome/97.0.4692.71 Safari/537.36"""
310,::1,2022/01/22 10:35:52,200,110,-,OPTIONS,*,HTTP/1.0,"""Apache/2.4.29 (Ubuntu) OpenSSL/1.1.1 (internal dummy connection)"""
311,10.143.3.65,2022/01/22 10:36:51,200,28670,-,GET,/?p=5,HTTP/1.1,"""Mozilla/5.0 (X11; Ubuntu; Linux x86_64; rv:86.0) Gecko/20100101 Firefox/86.0"""
312,10.143.3.65,2022/01/22 10:39:16,200,1239,https://intranet.smith.russellmitchell.com/?p=5,POST,/wp-admin/admin-ajax.php,HTTP/1.1,"""Mozilla/5.0 (X11; Ubuntu; Linux x86_64; rv:86.0) Gecko/20100101 Firefox/86.0"""
313,10.143.3.65,2022/01/22 10:39:22,200,1239,https://intranet.smith.russellmitchell.com/?p=5,POST,/wp-admin/admin-ajax.php,HTTP/1.1,"""Mozilla/5.0 (X11; Ubuntu; Linux x86_64; rv:86.0) Gecko/20100101 Firefox/86.0"""
314,172.19.131.174,2022/01/22 10:39:55,200,4069,https://intranet.smith.russellmitchell.com/wp-content/plugins/wpdiscuz/themes/default/style.css?ver=7.0.4,GET,/wp-content/plugins/wpdiscuz/assets/img/loading.gif,HTTP/1.1,"""Mozilla/5.0 (X11; Linux x86_64) AppleWebKit/537.36 (KHTML, like Gecko) HeadlessChrome/97.0.4692.71 Safari/537.36"""
315,172.19.131.174,2022/01/22 10:39:55,200,1239,https://intranet.smith.russellmitchell.com/?p=5,POST,/wp-admin/admin-ajax.php,HTTP/1.1,"""Mozilla/5.0 (X11; Linux x86_64) AppleWebKit/537.36 (KHTML, like Gecko) HeadlessChrome/97.0.4692.71 Safari/537.36"""
316,10.143.3.65,2022/01/22 10:40:01,200,5575,https://intranet.smith.russellmitchell.com/?p=5,POST,/wp-admin/admin-ajax.php,HTTP/1.1,"""Mozilla/5.0 (X11; Ubuntu; Linux x86_64; rv:86.0) Gecko/20100101 Firefox/86.0"""
317,10.143.3.65,2022/01/22 10:40:01,200,549,https://intranet.smith.russellmitchell.com/?p=5,POST,/wp-admin/admin-ajax.php,HTTP/1.1,"""Mozilla/5.0 (X11; Ubuntu; Linux x86_64; rv:86.0) Gecko/20100101 Firefox/86.0"""
318,172.19.131.174,2022/01/22 10:40:38,200,5722,https://intranet.smith.russellmitchell.com/?p=5,POST,/wp-admin/admin-ajax.php,HTTP/1.1,"""Mozilla/5.0 (X11; Linux x86_64) AppleWebKit/537.36 (KHTML, like Gecko) HeadlessChrome/97.0.4692.71 Safari/537.36"""
319,172.19.131.174,2022/01/22 10:40:38,200,549,https://intranet.smith.russellmitchell.com/?p=5,POST,/wp-admin/admin-ajax.php,HTTP/1.1,"""Mozilla/5.0 (X11; Linux x86_64) AppleWebKit/537.36 (KHTML, like Gecko) HeadlessChrome/97.0.4692.71 Safari/537.36"""
320,172.19.131.174,2022/01/22 10:40:53,200,1237,https://intranet.smith.russellmitchell.com/?p=5,POST,/wp-admin/admin-ajax.php,HTTP/1.1,"""Mozilla/5.0 (X11; Linux x86_64) AppleWebKit/537.36 (KHTML, like Gecko) HeadlessChrome/97.0.4692.71 Safari/537.36"""
321,10.143.3.65,2022/01/22 10:41:15,200,5616,https://intranet.smith.russellmitchell.com/?p=5,POST,/wp-admin/admin-ajax.php,HTTP/1.1,"""Mozilla/5.0 (X11; Ubuntu; Linux x86_64; rv:86.0) Gecko/20100101 Firefox/86.0"""
322,10.143.3.65,2022/01/22 10:41:15,200,549,https://intranet.smith.russellmitchell.com/?p=5,POST,/wp-admin/admin-ajax.php,HTTP/1.1,"""Mozilla/5.0 (X11; Ubuntu; Linux x86_64; rv:86.0) Gecko/20100101 Firefox/86.0"""
323,172.19.131.174,2022/01/22 10:41:48,200,5784,https://intranet.smith.russellmitchell.com/?p=5,POST,/wp-admin/admin-ajax.php,HTTP/1.1,"""Mozilla/5.0 (X11; Linux x86_64) AppleWebKit/537.36 (KHTML, like Gecko) HeadlessChrome/97.0.4692.71 Safari/537.36"""
324,172.19.131.174,2022/01/22 10:41:48,200,549,https://intranet.smith.russellmitchell.com/?p=5,POST,/wp-admin/admin-ajax.php,HTTP/1.1,"""Mozilla/5.0 (X11; Linux x86_64) AppleWebKit/537.36 (KHTML, like Gecko) HeadlessChrome/97.0.4692.71 Safari/537.36"""
325,10.143.3.65,2022/01/22 10:42:04,200,5710,https://intranet.smith.russellmitchell.com/?p=5,POST,/wp-admin/admin-ajax.php,HTTP/1.1,"""Mozilla/5.0 (X11; Ubuntu; Linux x86_64; rv:86.0) Gecko/20100101 Firefox/86.0"""
326,10.143.3.65,2022/01/22 10:42:04,200,549,https://intranet.smith.russellmitchell.com/?p=5,POST,/wp-admin/admin-ajax.php,HTTP/1.1,"""Mozilla/5.0 (X11; Ubuntu; Linux x86_64; rv:86.0) Gecko/20100101 Firefox/86.0"""
327,172.19.131.174,2022/01/22 10:42:30,200,6203,-,GET,/,HTTP/1.1,"""Mozilla/5.0 (X11; Linux x86_64) AppleWebKit/537.36 (KHTML, like Gecko) HeadlessChrome/97.0.4692.71 Safari/537.36"""
328,10.143.3.65,2022/01/22 10:43:01,200,5489,https://intranet.smith.russellmitchell.com/?p=5,POST,/wp-admin/admin-ajax.php,HTTP/1.1,"""Mozilla/5.0 (X11; Ubuntu; Linux x86_64; rv:86.0) Gecko/20100101 Firefox/86.0"""
329,10.143.3.65,2022/01/22 10:43:02,200,549,https://intranet.smith.russellmitchell.com/?p=5,POST,/wp-admin/admin-ajax.php,HTTP/1.1,"""Mozilla/5.0 (X11; Ubuntu; Linux x86_64; rv:86.0) Gecko/20100101 Firefox/86.0"""
330,10.143.3.65,2022/01/22 10:43:23,200,6202,-,GET,/,HTTP/1.1,"""Mozilla/5.0 (X11; Ubuntu; Linux x86_64; rv:86.0) Gecko/20100101 Firefox/86.0"""
331,10.143.2.91,2022/01/22 10:47:24,200,6202,-,GET,/,HTTP/1.1,"""Mozilla/5.0 (X11; Ubuntu; Linux x86_64; rv:86.0) Gecko/20100101 Firefox/86.0"""
332,10.143.2.4,2022/01/22 10:47:24,200,150,-,POST,/wp-cron.php?doing_wp_cron=1642848444.4961750507354736328125,HTTP/1.1,"""WordPress/5.8.3; https://intranet.smith.russellmitchell.com"""
333,10.143.2.91,2022/01/22 10:47:24,404,396,http://intranet.smith.russellmitchell.com/,GET,/favicon.ico,HTTP/1.1,"""Mozilla/5.0 (X11; Ubuntu; Linux x86_64; rv:86.0) Gecko/20100101 Firefox/86.0"""
334,10.143.2.91,2022/01/22 10:52:02,200,28932,-,GET,/?p=5,HTTP/1.1,"""Mozilla/5.0 (X11; Ubuntu; Linux x86_64; rv:86.0) Gecko/20100101 Firefox/86.0"""
335,10.143.2.91,2022/01/22 10:57:47,200,4069,https://intranet.smith.russellmitchell.com/wp-content/plugins/wpdiscuz/themes/default/style.css?ver=7.0.4,GET,/wp-content/plugins/wpdiscuz/assets/img/loading.gif,HTTP/1.1,"""Mozilla/5.0 (X11; Ubuntu; Linux x86_64; rv:86.0) Gecko/20100101 Firefox/86.0"""
336,10.143.2.91,2022/01/22 10:57:47,200,3682,https://intranet.smith.russellmitchell.com/?p=5,POST,/wp-admin/admin-ajax.php,HTTP/1.1,"""Mozilla/5.0 (X11; Ubuntu; Linux x86_64; rv:86.0) Gecko/20100101 Firefox/86.0"""
337,10.143.2.91,2022/01/22 10:57:54,200,1239,https://intranet.smith.russellmitchell.com/?p=5,POST,/wp-admin/admin-ajax.php,HTTP/1.1,"""Mozilla/5.0 (X11; Ubuntu; Linux x86_64; rv:86.0) Gecko/20100101 Firefox/86.0"""
338,10.143.2.91,2022/01/22 10:58:03,200,6202,-,GET,/,HTTP/1.1,"""Mozilla/5.0 (X11; Ubuntu; Linux x86_64; rv:86.0) Gecko/20100101 Firefox/86.0"""
339,10.143.2.91,2022/01/22 10:58:03,404,396,http://intranet.smith.russellmitchell.com/,GET,/favicon.ico,HTTP/1.1,"""Mozilla/5.0 (X11; Ubuntu; Linux x86_64; rv:86.0) Gecko/20100101 Firefox/86.0"""
340,10.143.2.91,2022/01/22 11:01:35,200,26508,-,GET,/?p=5,HTTP/1.1,"""Mozilla/5.0 (X11; Ubuntu; Linux x86_64; rv:86.0) Gecko/20100101 Firefox/86.0"""
341,10.143.2.91,2022/01/22 11:01:35,200,10934,https://intranet.smith.russellmitchell.com/?p=5,GET,/wp-includes/css/dist/block-library/style.min.css?ver=5.8.3,HTTP/1.1,"""Mozilla/5.0 (X11; Ubuntu; Linux x86_64; rv:86.0) Gecko/20100101 Firefox/86.0"""
342,10.143.2.91,2022/01/22 11:07:17,200,6202,-,GET,/,HTTP/1.1,"""Mozilla/5.0 (X11; Ubuntu; Linux x86_64; rv:86.0) Gecko/20100101 Firefox/86.0"""
343,10.143.2.91,2022/01/22 11:14:29,200,6202,-,GET,/,HTTP/1.1,"""Mozilla/5.0 (X11; Ubuntu; Linux x86_64; rv:86.0) Gecko/20100101 Firefox/86.0"""
344,10.143.2.91,2022/01/22 11:14:29,200,10846,http://intranet.smith.russellmitchell.com/,GET,/wp-includes/css/dist/block-library/style.min.css?ver=5.8.3,HTTP/1.1,"""Mozilla/5.0 (X11; Ubuntu; Linux x86_64; rv:86.0) Gecko/20100101 Firefox/86.0"""
345,10.143.2.91,2022/01/22 11:14:29,200,2916,http://intranet.smith.russellmitchell.com/,GET,/wp-content/themes/go/dist/js/frontend.min.js?ver=1.5.2,HTTP/1.1,"""Mozilla/5.0 (X11; Ubuntu; Linux x86_64; rv:86.0) Gecko/20100101 Firefox/86.0"""
346,10.143.2.91,2022/01/22 11:14:29,200,1099,http://intranet.smith.russellmitchell.com/,GET,/wp-includes/js/wp-embed.min.js?ver=5.8.3,HTTP/1.1,"""Mozilla/5.0 (X11; Ubuntu; Linux x86_64; rv:86.0) Gecko/20100101 Firefox/86.0"""
347,10.143.2.91,2022/01/22 11:14:29,200,1412,http://intranet.smith.russellmitchell.com/,GET,/wp-content/themes/go/dist/css/design-styles/style-traditional.min.css?ver=1.5.2,HTTP/1.1,"""Mozilla/5.0 (X11; Ubuntu; Linux x86_64; rv:86.0) Gecko/20100101 Firefox/86.0"""
348,10.143.2.91,2022/01/22 11:14:29,200,5266,http://intranet.smith.russellmitchell.com/,GET,/wp-includes/js/wp-emoji-release.min.js?ver=5.8.3,HTTP/1.1,"""Mozilla/5.0 (X11; Ubuntu; Linux x86_64; rv:86.0) Gecko/20100101 Firefox/86.0"""
349,10.143.2.91,2022/01/22 11:14:29,200,23204,http://intranet.smith.russellmitchell.com/,GET,/wp-content/themes/go/dist/css/style-shared.min.css?ver=1.5.2,HTTP/1.1,"""Mozilla/5.0 (X11; Ubuntu; Linux x86_64; rv:86.0) Gecko/20100101 Firefox/86.0"""
350,10.143.2.91,2022/01/22 11:14:29,404,396,http://intranet.smith.russellmitchell.com/,GET,/favicon.ico,HTTP/1.1,"""Mozilla/5.0 (X11; Ubuntu; Linux x86_64; rv:86.0) Gecko/20100101 Firefox/86.0"""
351,::1,2022/01/22 11:14:35,200,110,-,OPTIONS,*,HTTP/1.0,"""Apache/2.4.29 (Ubuntu) OpenSSL/1.1.1 (internal dummy connection)"""
352,172.19.131.174,2022/01/22 11:31:34,200,6202,-,GET,/,HTTP/1.1,"""Mozilla/5.0 (X11; Linux x86_64) AppleWebKit/537.36 (KHTML, like Gecko) HeadlessChrome/97.0.4692.71 Safari/537.36"""
353,10.143.2.4,2022/01/22 11:31:34,200,150,-,POST,/wp-cron.php?doing_wp_cron=1642851094.7788450717926025390625,HTTP/1.1,"""WordPress/5.8.3; https://intranet.smith.russellmitchell.com"""
354,172.19.131.174,2022/01/22 11:35:44,200,29045,-,GET,/?p=5,HTTP/1.1,"""Mozilla/5.0 (X11; Linux x86_64) AppleWebKit/537.36 (KHTML, like Gecko) HeadlessChrome/97.0.4692.71 Safari/537.36"""
355,172.19.131.174,2022/01/22 11:35:45,200,10934,https://intranet.smith.russellmitchell.com/?p=5,GET,/wp-includes/css/dist/block-library/style.min.css?ver=5.8.3,HTTP/1.1,"""Mozilla/5.0 (X11; Linux x86_64) AppleWebKit/537.36 (KHTML, like Gecko) HeadlessChrome/97.0.4692.71 Safari/537.36"""
356,172.19.131.174,2022/01/22 11:35:45,200,3464,https://intranet.smith.russellmitchell.com/?p=5,GET,/wp-content/plugins/wpdiscuz/assets/third-party/font-awesome-5.13.0/css/fa.min.css?ver=7.0.4,HTTP/1.1,"""Mozilla/5.0 (X11; Linux x86_64) AppleWebKit/537.36 (KHTML, like Gecko) HeadlessChrome/97.0.4692.71 Safari/537.36"""
357,172.19.131.174,2022/01/22 11:35:45,200,1433,https://intranet.smith.russellmitchell.com/?p=5,GET,/wp-content/themes/go/dist/css/design-styles/style-traditional.min.css?ver=1.5.2,HTTP/1.1,"""Mozilla/5.0 (X11; Linux x86_64) AppleWebKit/537.36 (KHTML, like Gecko) HeadlessChrome/97.0.4692.71 Safari/537.36"""
358,172.19.131.174,2022/01/22 11:35:45,200,9820,https://intranet.smith.russellmitchell.com/?p=5,GET,/wp-content/plugins/wpdiscuz/assets/css/wpdiscuz-combo.min.css?ver=5.8.3,HTTP/1.1,"""Mozilla/5.0 (X11; Linux x86_64) AppleWebKit/537.36 (KHTML, like Gecko) HeadlessChrome/97.0.4692.71 Safari/537.36"""
359,172.19.131.174,2022/01/22 11:35:45,200,20302,https://intranet.smith.russellmitchell.com/?p=5,GET,/wp-content/plugins/wpdiscuz/themes/default/style.css?ver=7.0.4,HTTP/1.1,"""Mozilla/5.0 (X11; Linux x86_64) AppleWebKit/537.36 (KHTML, like Gecko) HeadlessChrome/97.0.4692.71 Safari/537.36"""
360,172.19.131.174,2022/01/22 11:35:45,200,23313,https://intranet.smith.russellmitchell.com/?p=5,GET,/wp-content/themes/go/dist/css/style-shared.min.css?ver=1.5.2,HTTP/1.1,"""Mozilla/5.0 (X11; Linux x86_64) AppleWebKit/537.36 (KHTML, like Gecko) HeadlessChrome/97.0.4692.71 Safari/537.36"""
361,172.19.131.174,2022/01/22 11:35:45,200,4570,https://intranet.smith.russellmitchell.com/?p=5,GET,/wp-includes/js/jquery/jquery-migrate.min.js?ver=3.3.2,HTTP/1.1,"""Mozilla/5.0 (X11; Linux x86_64) AppleWebKit/537.36 (KHTML, like Gecko) HeadlessChrome/97.0.4692.71 Safari/537.36"""
362,172.19.131.174,2022/01/22 11:35:45,200,31377,https://intranet.smith.russellmitchell.com/?p=5,GET,/wp-includes/js/jquery/jquery.min.js?ver=3.6.0,HTTP/1.1,"""Mozilla/5.0 (X11; Linux x86_64) AppleWebKit/537.36 (KHTML, like Gecko) HeadlessChrome/97.0.4692.71 Safari/537.36"""
363,172.19.131.174,2022/01/22 11:35:45,200,5331,https://intranet.smith.russellmitchell.com/?p=5,GET,/wp-includes/js/wp-emoji-release.min.js?ver=5.8.3,HTTP/1.1,"""Mozilla/5.0 (X11; Linux x86_64) AppleWebKit/537.36 (KHTML, like Gecko) HeadlessChrome/97.0.4692.71 Safari/537.36"""
364,172.19.131.174,2022/01/22 11:35:45,200,18908,https://intranet.smith.russellmitchell.com/wp-content/plugins/wpdiscuz/themes/default/style.css?ver=7.0.4,GET,/wp-content/plugins/wpdiscuz/themes/default/css/fonts/sqr721c-webfont.woff2,HTTP/1.1,"""Mozilla/5.0 (X11; Linux x86_64) AppleWebKit/537.36 (KHTML, like Gecko) HeadlessChrome/97.0.4692.71 Safari/537.36"""
365,172.19.131.174,2022/01/22 11:35:45,200,13874,https://intranet.smith.russellmitchell.com/wp-content/plugins/wpdiscuz/assets/third-party/font-awesome-5.13.0/css/fa.min.css?ver=7.0.4,GET,/wp-content/plugins/wpdiscuz/assets/third-party/font-awesome-5.13.0/webfonts/fa-regular-400.woff2,HTTP/1.1,"""Mozilla/5.0 (X11; Linux x86_64) AppleWebKit/537.36 (KHTML, like Gecko) HeadlessChrome/97.0.4692.71 Safari/537.36"""
366,172.19.131.174,2022/01/22 11:35:45,200,79823,https://intranet.smith.russellmitchell.com/wp-content/plugins/wpdiscuz/assets/third-party/font-awesome-5.13.0/css/fa.min.css?ver=7.0.4,GET,/wp-content/plugins/wpdiscuz/assets/third-party/font-awesome-5.13.0/webfonts/fa-solid-900.woff2,HTTP/1.1,"""Mozilla/5.0 (X11; Linux x86_64) AppleWebKit/537.36 (KHTML, like Gecko) HeadlessChrome/97.0.4692.71 Safari/537.36"""
367,172.19.131.174,2022/01/22 11:35:46,200,76991,https://intranet.smith.russellmitchell.com/wp-content/plugins/wpdiscuz/assets/third-party/font-awesome-5.13.0/css/fa.min.css?ver=7.0.4,GET,/wp-content/plugins/wpdiscuz/assets/third-party/font-awesome-5.13.0/webfonts/fa-brands-400.woff2,HTTP/1.1,"""Mozilla/5.0 (X11; Linux x86_64) AppleWebKit/537.36 (KHTML, like Gecko) HeadlessChrome/97.0.4692.71 Safari/537.36"""
368,172.19.131.174,2022/01/22 11:35:46,200,2981,https://intranet.smith.russellmitchell.com/?p=5,GET,/wp-content/themes/go/dist/js/frontend.min.js?ver=1.5.2,HTTP/1.1,"""Mozilla/5.0 (X11; Linux x86_64) AppleWebKit/537.36 (KHTML, like Gecko) HeadlessChrome/97.0.4692.71 Safari/537.36"""
369,172.19.131.174,2022/01/22 11:35:46,200,1702,https://intranet.smith.russellmitchell.com/?p=5,GET,/wp-includes/js/comment-reply.min.js?ver=5.8.3,HTTP/1.1,"""Mozilla/5.0 (X11; Linux x86_64) AppleWebKit/537.36 (KHTML, like Gecko) HeadlessChrome/97.0.4692.71 Safari/537.36"""
370,172.19.131.174,2022/01/22 11:35:46,200,1120,https://intranet.smith.russellmitchell.com/?p=5,GET,/wp-includes/js/wp-embed.min.js?ver=5.8.3,HTTP/1.1,"""Mozilla/5.0 (X11; Linux x86_64) AppleWebKit/537.36 (KHTML, like Gecko) HeadlessChrome/97.0.4692.71 Safari/537.36"""
371,172.19.131.174,2022/01/22 11:35:46,200,71266,https://intranet.smith.russellmitchell.com/?p=5,GET,/wp-content/plugins/wpdiscuz/assets/js/wpdiscuz-combo.min.js?ver=7.0.4,HTTP/1.1,"""Mozilla/5.0 (X11; Linux x86_64) AppleWebKit/537.36 (KHTML, like Gecko) HeadlessChrome/97.0.4692.71 Safari/537.36"""
372,172.19.131.174,2022/01/22 11:36:05,408,3020,-,,,,"""-"""
373,172.19.131.174,2022/01/22 11:36:05,408,3020,-,,,,"""-"""
374,::1,2022/01/22 11:36:08,200,110,-,OPTIONS,*,HTTP/1.0,"""Apache/2.4.29 (Ubuntu) OpenSSL/1.1.1 (internal dummy connection)"""
375,172.19.131.174,2022/01/22 11:40:48,200,6514,https://intranet.smith.russellmitchell.com/wp-content/plugins/wpdiscuz/themes/default/style.css?ver=7.0.4,GET,/wp-content/plugins/wpdiscuz/assets/img/loading.gif,HTTP/1.1,"""Mozilla/5.0 (X11; Linux x86_64) AppleWebKit/537.36 (KHTML, like Gecko) HeadlessChrome/97.0.4692.71 Safari/537.36"""
376,172.19.131.174,2022/01/22 11:40:48,200,8151,https://intranet.smith.russellmitchell.com/?p=5,POST,/wp-admin/admin-ajax.php,HTTP/1.1,"""Mozilla/5.0 (X11; Linux x86_64) AppleWebKit/537.36 (KHTML, like Gecko) HeadlessChrome/97.0.4692.71 Safari/537.36"""
377,172.19.131.174,2022/01/22 11:40:48,200,549,https://intranet.smith.russellmitchell.com/?p=5,POST,/wp-admin/admin-ajax.php,HTTP/1.1,"""Mozilla/5.0 (X11; Linux x86_64) AppleWebKit/537.36 (KHTML, like Gecko) HeadlessChrome/97.0.4692.71 Safari/537.36"""
378,172.19.131.174,2022/01/22 11:41:41,200,6203,-,GET,/,HTTP/1.1,"""Mozilla/5.0 (X11; Linux x86_64) AppleWebKit/537.36 (KHTML, like Gecko) HeadlessChrome/97.0.4692.71 Safari/537.36"""
379,172.19.131.174,2022/01/22 11:43:42,200,26818,-,GET,/?p=5,HTTP/1.1,"""Mozilla/5.0 (X11; Linux x86_64) AppleWebKit/537.36 (KHTML, like Gecko) HeadlessChrome/97.0.4692.71 Safari/537.36"""
380,172.19.131.174,2022/01/22 11:43:42,200,10934,https://intranet.smith.russellmitchell.com/?p=5,GET,/wp-includes/css/dist/block-library/style.min.css?ver=5.8.3,HTTP/1.1,"""Mozilla/5.0 (X11; Linux x86_64) AppleWebKit/537.36 (KHTML, like Gecko) HeadlessChrome/97.0.4692.71 Safari/537.36"""
381,172.19.131.174,2022/01/22 11:43:42,200,20302,https://intranet.smith.russellmitchell.com/?p=5,GET,/wp-content/plugins/wpdiscuz/themes/default/style.css?ver=7.0.4,HTTP/1.1,"""Mozilla/5.0 (X11; Linux x86_64) AppleWebKit/537.36 (KHTML, like Gecko) HeadlessChrome/97.0.4692.71 Safari/537.36"""
382,172.19.131.174,2022/01/22 11:43:42,200,3464,https://intranet.smith.russellmitchell.com/?p=5,GET,/wp-content/plugins/wpdiscuz/assets/third-party/font-awesome-5.13.0/css/fa.min.css?ver=7.0.4,HTTP/1.1,"""Mozilla/5.0 (X11; Linux x86_64) AppleWebKit/537.36 (KHTML, like Gecko) HeadlessChrome/97.0.4692.71 Safari/537.36"""
383,172.19.131.174,2022/01/22 11:43:42,200,2009,https://intranet.smith.russellmitchell.com/?p=5,GET,/wp-content/themes/go/dist/css/design-styles/style-traditional.min.css?ver=1.5.2,HTTP/1.1,"""Mozilla/5.0 (X11; Linux x86_64) AppleWebKit/537.36 (KHTML, like Gecko) HeadlessChrome/97.0.4692.71 Safari/537.36"""
384,172.19.131.174,2022/01/22 11:43:42,200,4570,https://intranet.smith.russellmitchell.com/?p=5,GET,/wp-includes/js/jquery/jquery-migrate.min.js?ver=3.3.2,HTTP/1.1,"""Mozilla/5.0 (X11; Linux x86_64) AppleWebKit/537.36 (KHTML, like Gecko) HeadlessChrome/97.0.4692.71 Safari/537.36"""
385,172.19.131.174,2022/01/22 11:43:42,200,7375,https://intranet.smith.russellmitchell.com/?p=5,GET,/wp-content/plugins/wpdiscuz/assets/css/wpdiscuz-combo.min.css?ver=5.8.3,HTTP/1.1,"""Mozilla/5.0 (X11; Linux x86_64) AppleWebKit/537.36 (KHTML, like Gecko) HeadlessChrome/97.0.4692.71 Safari/537.36"""
386,172.19.131.174,2022/01/22 11:43:42,200,31377,https://intranet.smith.russellmitchell.com/?p=5,GET,/wp-includes/js/jquery/jquery.min.js?ver=3.6.0,HTTP/1.1,"""Mozilla/5.0 (X11; Linux x86_64) AppleWebKit/537.36 (KHTML, like Gecko) HeadlessChrome/97.0.4692.71 Safari/537.36"""
387,172.19.131.174,2022/01/22 11:43:42,200,26334,https://intranet.smith.russellmitchell.com/?p=5,GET,/wp-content/themes/go/dist/css/style-shared.min.css?ver=1.5.2,HTTP/1.1,"""Mozilla/5.0 (X11; Linux x86_64) AppleWebKit/537.36 (KHTML, like Gecko) HeadlessChrome/97.0.4692.71 Safari/537.36"""
388,172.19.131.174,2022/01/22 11:43:42,200,5331,https://intranet.smith.russellmitchell.com/?p=5,GET,/wp-includes/js/wp-emoji-release.min.js?ver=5.8.3,HTTP/1.1,"""Mozilla/5.0 (X11; Linux x86_64) AppleWebKit/537.36 (KHTML, like Gecko) HeadlessChrome/97.0.4692.71 Safari/537.36"""
389,172.19.131.174,2022/01/22 11:43:42,200,18908,https://intranet.smith.russellmitchell.com/wp-content/plugins/wpdiscuz/themes/default/style.css?ver=7.0.4,GET,/wp-content/plugins/wpdiscuz/themes/default/css/fonts/sqr721c-webfont.woff2,HTTP/1.1,"""Mozilla/5.0 (X11; Linux x86_64) AppleWebKit/537.36 (KHTML, like Gecko) HeadlessChrome/97.0.4692.71 Safari/537.36"""
390,172.19.131.174,2022/01/22 11:43:42,200,13874,https://intranet.smith.russellmitchell.com/wp-content/plugins/wpdiscuz/assets/third-party/font-awesome-5.13.0/css/fa.min.css?ver=7.0.4,GET,/wp-content/plugins/wpdiscuz/assets/third-party/font-awesome-5.13.0/webfonts/fa-regular-400.woff2,HTTP/1.1,"""Mozilla/5.0 (X11; Linux x86_64) AppleWebKit/537.36 (KHTML, like Gecko) HeadlessChrome/97.0.4692.71 Safari/537.36"""
391,172.19.131.174,2022/01/22 11:43:42,200,79823,https://intranet.smith.russellmitchell.com/wp-content/plugins/wpdiscuz/assets/third-party/font-awesome-5.13.0/css/fa.min.css?ver=7.0.4,GET,/wp-content/plugins/wpdiscuz/assets/third-party/font-awesome-5.13.0/webfonts/fa-solid-900.woff2,HTTP/1.1,"""Mozilla/5.0 (X11; Linux x86_64) AppleWebKit/537.36 (KHTML, like Gecko) HeadlessChrome/97.0.4692.71 Safari/537.36"""
392,172.19.131.174,2022/01/22 11:43:42,200,76991,https://intranet.smith.russellmitchell.com/wp-content/plugins/wpdiscuz/assets/third-party/font-awesome-5.13.0/css/fa.min.css?ver=7.0.4,GET,/wp-content/plugins/wpdiscuz/assets/third-party/font-awesome-5.13.0/webfonts/fa-brands-400.woff2,HTTP/1.1,"""Mozilla/5.0 (X11; Linux x86_64) AppleWebKit/537.36 (KHTML, like Gecko) HeadlessChrome/97.0.4692.71 Safari/537.36"""
393,172.19.131.174,2022/01/22 11:43:43,200,2981,https://intranet.smith.russellmitchell.com/?p=5,GET,/wp-content/themes/go/dist/js/frontend.min.js?ver=1.5.2,HTTP/1.1,"""Mozilla/5.0 (X11; Linux x86_64) AppleWebKit/537.36 (KHTML, like Gecko) HeadlessChrome/97.0.4692.71 Safari/537.36"""
394,172.19.131.174,2022/01/22 11:43:43,200,1702,https://intranet.smith.russellmitchell.com/?p=5,GET,/wp-includes/js/comment-reply.min.js?ver=5.8.3,HTTP/1.1,"""Mozilla/5.0 (X11; Linux x86_64) AppleWebKit/537.36 (KHTML, like Gecko) HeadlessChrome/97.0.4692.71 Safari/537.36"""
395,172.19.131.174,2022/01/22 11:43:43,200,71266,https://intranet.smith.russellmitchell.com/?p=5,GET,/wp-content/plugins/wpdiscuz/assets/js/wpdiscuz-combo.min.js?ver=7.0.4,HTTP/1.1,"""Mozilla/5.0 (X11; Linux x86_64) AppleWebKit/537.36 (KHTML, like Gecko) HeadlessChrome/97.0.4692.71 Safari/537.36"""
396,172.19.131.174,2022/01/22 11:43:43,200,1120,https://intranet.smith.russellmitchell.com/?p=5,GET,/wp-includes/js/wp-embed.min.js?ver=5.8.3,HTTP/1.1,"""Mozilla/5.0 (X11; Linux x86_64) AppleWebKit/537.36 (KHTML, like Gecko) HeadlessChrome/97.0.4692.71 Safari/537.36"""
397,::1,2022/01/22 11:43:51,200,110,-,OPTIONS,*,HTTP/1.0,"""Apache/2.4.29 (Ubuntu) OpenSSL/1.1.1 (internal dummy connection)"""
398,172.19.131.174,2022/01/22 11:49:46,200,6514,https://intranet.smith.russellmitchell.com/wp-content/plugins/wpdiscuz/themes/default/style.css?ver=7.0.4,GET,/wp-content/plugins/wpdiscuz/assets/img/loading.gif,HTTP/1.1,"""Mozilla/5.0 (X11; Linux x86_64) AppleWebKit/537.36 (KHTML, like Gecko) HeadlessChrome/97.0.4692.71 Safari/537.36"""
399,172.19.131.174,2022/01/22 11:49:46,200,8025,https://intranet.smith.russellmitchell.com/?p=5,POST,/wp-admin/admin-ajax.php,HTTP/1.1,"""Mozilla/5.0 (X11; Linux x86_64) AppleWebKit/537.36 (KHTML, like Gecko) HeadlessChrome/97.0.4692.71 Safari/537.36"""
400,172.19.131.174,2022/01/22 11:49:47,200,549,https://intranet.smith.russellmitchell.com/?p=5,POST,/wp-admin/admin-ajax.php,HTTP/1.1,"""Mozilla/5.0 (X11; Linux x86_64) AppleWebKit/537.36 (KHTML, like Gecko) HeadlessChrome/97.0.4692.71 Safari/537.36"""
401,172.19.131.174,2022/01/22 11:50:44,200,6203,-,GET,/,HTTP/1.1,"""Mozilla/5.0 (X11; Linux x86_64) AppleWebKit/537.36 (KHTML, like Gecko) HeadlessChrome/97.0.4692.71 Safari/537.36"""
402,10.143.2.91,2022/01/22 12:02:22,200,6203,-,GET,/,HTTP/1.1,"""Mozilla/5.0 (X11; Ubuntu; Linux x86_64; rv:86.0) Gecko/20100101 Firefox/86.0"""
403,10.143.2.91,2022/01/22 12:02:23,200,5592,http://intranet.smith.russellmitchell.com/,GET,/wp-content/themes/go/dist/css/style-shared.min.css?ver=1.5.2,HTTP/1.1,"""Mozilla/5.0 (X11; Ubuntu; Linux x86_64; rv:86.0) Gecko/20100101 Firefox/86.0"""
404,172.19.131.174,2022/01/22 12:21:16,200,6203,-,GET,/,HTTP/1.1,"""Mozilla/5.0 (X11; Linux x86_64) AppleWebKit/537.36 (KHTML, like Gecko) HeadlessChrome/97.0.4692.71 Safari/537.36"""
405,10.143.2.25,2022/01/22 12:54:42,200,6203,-,GET,/,HTTP/1.1,"""Mozilla/5.0 (X11; Linux x86_64) AppleWebKit/537.36 (KHTML, like Gecko) HeadlessChrome/97.0.4692.71 Safari/537.36"""
406,10.143.2.25,2022/01/22 12:54:42,200,1412,http://intranet.smith.russellmitchell.com/,GET,/wp-content/themes/go/dist/css/design-styles/style-traditional.min.css?ver=1.5.2,HTTP/1.1,"""Mozilla/5.0 (X11; Linux x86_64) AppleWebKit/537.36 (KHTML, like Gecko) HeadlessChrome/97.0.4692.71 Safari/537.36"""
407,10.143.2.25,2022/01/22 12:54:42,200,2916,http://intranet.smith.russellmitchell.com/,GET,/wp-content/themes/go/dist/js/frontend.min.js?ver=1.5.2,HTTP/1.1,"""Mozilla/5.0 (X11; Linux x86_64) AppleWebKit/537.36 (KHTML, like Gecko) HeadlessChrome/97.0.4692.71 Safari/537.36"""
408,10.143.2.25,2022/01/22 12:54:42,200,23203,http://intranet.smith.russellmitchell.com/,GET,/wp-content/themes/go/dist/css/style-shared.min.css?ver=1.5.2,HTTP/1.1,"""Mozilla/5.0 (X11; Linux x86_64) AppleWebKit/537.36 (KHTML, like Gecko) HeadlessChrome/97.0.4692.71 Safari/537.36"""
409,10.143.2.4,2022/01/22 12:54:42,200,9138,-,GET,/,HTTP/1.1,"""WordPress/5.8.3; https://intranet.smith.russellmitchell.com"""
410,10.143.2.4,2022/01/22 12:54:42,200,150,-,POST,/wp-cron.php?doing_wp_cron=1642856082.8330390453338623046875,HTTP/1.1,"""WordPress/5.8.3; https://intranet.smith.russellmitchell.com"""
411,172.19.131.174,2022/01/22 12:56:59,200,6203,-,GET,/,HTTP/1.1,"""Mozilla/5.0 (X11; Linux x86_64) AppleWebKit/537.36 (KHTML, like Gecko) HeadlessChrome/97.0.4692.71 Safari/537.36"""
412,10.143.2.25,2022/01/22 13:28:46,200,6203,-,GET,/,HTTP/1.1,"""Mozilla/5.0 (X11; Linux x86_64) AppleWebKit/537.36 (KHTML, like Gecko) HeadlessChrome/97.0.4692.71 Safari/537.36"""
413,10.143.2.4,2022/01/22 13:28:46,200,150,-,POST,/wp-cron.php?doing_wp_cron=1642858126.6147708892822265625000,HTTP/1.1,"""WordPress/5.8.3; https://intranet.smith.russellmitchell.com"""
414,10.143.2.25,2022/01/22 13:28:46,200,1412,http://intranet.smith.russellmitchell.com/,GET,/wp-content/themes/go/dist/css/design-styles/style-traditional.min.css?ver=1.5.2,HTTP/1.1,"""Mozilla/5.0 (X11; Linux x86_64) AppleWebKit/537.36 (KHTML, like Gecko) HeadlessChrome/97.0.4692.71 Safari/537.36"""
415,10.143.2.25,2022/01/22 13:28:46,200,2916,http://intranet.smith.russellmitchell.com/,GET,/wp-content/themes/go/dist/js/frontend.min.js?ver=1.5.2,HTTP/1.1,"""Mozilla/5.0 (X11; Linux x86_64) AppleWebKit/537.36 (KHTML, like Gecko) HeadlessChrome/97.0.4692.71 Safari/537.36"""
416,10.143.2.25,2022/01/22 13:28:46,200,1099,http://intranet.smith.russellmitchell.com/,GET,/wp-includes/js/wp-embed.min.js?ver=5.8.3,HTTP/1.1,"""Mozilla/5.0 (X11; Linux x86_64) AppleWebKit/537.36 (KHTML, like Gecko) HeadlessChrome/97.0.4692.71 Safari/537.36"""
417,10.143.2.25,2022/01/22 13:28:46,200,10846,http://intranet.smith.russellmitchell.com/,GET,/wp-includes/css/dist/block-library/style.min.css?ver=5.8.3,HTTP/1.1,"""Mozilla/5.0 (X11; Linux x86_64) AppleWebKit/537.36 (KHTML, like Gecko) HeadlessChrome/97.0.4692.71 Safari/537.36"""
418,10.143.2.25,2022/01/22 13:28:46,200,23204,http://intranet.smith.russellmitchell.com/,GET,/wp-content/themes/go/dist/css/style-shared.min.css?ver=1.5.2,HTTP/1.1,"""Mozilla/5.0 (X11; Linux x86_64) AppleWebKit/537.36 (KHTML, like Gecko) HeadlessChrome/97.0.4692.71 Safari/537.36"""
419,10.143.2.25,2022/01/22 13:28:46,200,5265,http://intranet.smith.russellmitchell.com/,GET,/wp-includes/js/wp-emoji-release.min.js?ver=5.8.3,HTTP/1.1,"""Mozilla/5.0 (X11; Linux x86_64) AppleWebKit/537.36 (KHTML, like Gecko) HeadlessChrome/97.0.4692.71 Safari/537.36"""
420,10.143.2.25,2022/01/22 13:30:50,200,29065,-,GET,/?p=5,HTTP/1.1,"""Mozilla/5.0 (X11; Linux x86_64) AppleWebKit/537.36 (KHTML, like Gecko) HeadlessChrome/97.0.4692.71 Safari/537.36"""
421,10.143.2.25,2022/01/22 13:30:50,200,3464,https://intranet.smith.russellmitchell.com/?p=5,GET,/wp-content/plugins/wpdiscuz/assets/third-party/font-awesome-5.13.0/css/fa.min.css?ver=7.0.4,HTTP/1.1,"""Mozilla/5.0 (X11; Linux x86_64) AppleWebKit/537.36 (KHTML, like Gecko) HeadlessChrome/97.0.4692.71 Safari/537.36"""
422,10.143.2.25,2022/01/22 13:30:50,200,10934,https://intranet.smith.russellmitchell.com/?p=5,GET,/wp-includes/css/dist/block-library/style.min.css?ver=5.8.3,HTTP/1.1,"""Mozilla/5.0 (X11; Linux x86_64) AppleWebKit/537.36 (KHTML, like Gecko) HeadlessChrome/97.0.4692.71 Safari/537.36"""
423,10.143.2.25,2022/01/22 13:30:50,200,20302,https://intranet.smith.russellmitchell.com/?p=5,GET,/wp-content/plugins/wpdiscuz/themes/default/style.css?ver=7.0.4,HTTP/1.1,"""Mozilla/5.0 (X11; Linux x86_64) AppleWebKit/537.36 (KHTML, like Gecko) HeadlessChrome/97.0.4692.71 Safari/537.36"""
424,10.143.2.25,2022/01/22 13:30:50,200,4570,https://intranet.smith.russellmitchell.com/?p=5,GET,/wp-includes/js/jquery/jquery-migrate.min.js?ver=3.3.2,HTTP/1.1,"""Mozilla/5.0 (X11; Linux x86_64) AppleWebKit/537.36 (KHTML, like Gecko) HeadlessChrome/97.0.4692.71 Safari/537.36"""
425,10.143.2.25,2022/01/22 13:30:50,200,2009,https://intranet.smith.russellmitchell.com/?p=5,GET,/wp-content/themes/go/dist/css/design-styles/style-traditional.min.css?ver=1.5.2,HTTP/1.1,"""Mozilla/5.0 (X11; Linux x86_64) AppleWebKit/537.36 (KHTML, like Gecko) HeadlessChrome/97.0.4692.71 Safari/537.36"""
426,10.143.2.25,2022/01/22 13:30:50,200,9820,https://intranet.smith.russellmitchell.com/?p=5,GET,/wp-content/plugins/wpdiscuz/assets/css/wpdiscuz-combo.min.css?ver=5.8.3,HTTP/1.1,"""Mozilla/5.0 (X11; Linux x86_64) AppleWebKit/537.36 (KHTML, like Gecko) HeadlessChrome/97.0.4692.71 Safari/537.36"""
427,10.143.2.25,2022/01/22 13:30:50,200,23313,https://intranet.smith.russellmitchell.com/?p=5,GET,/wp-content/themes/go/dist/css/style-shared.min.css?ver=1.5.2,HTTP/1.1,"""Mozilla/5.0 (X11; Linux x86_64) AppleWebKit/537.36 (KHTML, like Gecko) HeadlessChrome/97.0.4692.71 Safari/537.36"""
428,10.143.2.25,2022/01/22 13:30:50,200,31953,https://intranet.smith.russellmitchell.com/?p=5,GET,/wp-includes/js/jquery/jquery.min.js?ver=3.6.0,HTTP/1.1,"""Mozilla/5.0 (X11; Linux x86_64) AppleWebKit/537.36 (KHTML, like Gecko) HeadlessChrome/97.0.4692.71 Safari/537.36"""
429,10.143.2.25,2022/01/22 13:30:50,200,5331,https://intranet.smith.russellmitchell.com/?p=5,GET,/wp-includes/js/wp-emoji-release.min.js?ver=5.8.3,HTTP/1.1,"""Mozilla/5.0 (X11; Linux x86_64) AppleWebKit/537.36 (KHTML, like Gecko) HeadlessChrome/97.0.4692.71 Safari/537.36"""
430,10.143.2.25,2022/01/22 13:30:51,200,18908,https://intranet.smith.russellmitchell.com/wp-content/plugins/wpdiscuz/themes/default/style.css?ver=7.0.4,GET,/wp-content/plugins/wpdiscuz/themes/default/css/fonts/sqr721c-webfont.woff2,HTTP/1.1,"""Mozilla/5.0 (X11; Linux x86_64) AppleWebKit/537.36 (KHTML, like Gecko) HeadlessChrome/97.0.4692.71 Safari/537.36"""
431,10.143.2.25,2022/01/22 13:30:51,200,13874,https://intranet.smith.russellmitchell.com/wp-content/plugins/wpdiscuz/assets/third-party/font-awesome-5.13.0/css/fa.min.css?ver=7.0.4,GET,/wp-content/plugins/wpdiscuz/assets/third-party/font-awesome-5.13.0/webfonts/fa-regular-400.woff2,HTTP/1.1,"""Mozilla/5.0 (X11; Linux x86_64) AppleWebKit/537.36 (KHTML, like Gecko) HeadlessChrome/97.0.4692.71 Safari/537.36"""
432,10.143.2.25,2022/01/22 13:30:51,200,79823,https://intranet.smith.russellmitchell.com/wp-content/plugins/wpdiscuz/assets/third-party/font-awesome-5.13.0/css/fa.min.css?ver=7.0.4,GET,/wp-content/plugins/wpdiscuz/assets/third-party/font-awesome-5.13.0/webfonts/fa-solid-900.woff2,HTTP/1.1,"""Mozilla/5.0 (X11; Linux x86_64) AppleWebKit/537.36 (KHTML, like Gecko) HeadlessChrome/97.0.4692.71 Safari/537.36"""
433,10.143.2.25,2022/01/22 13:30:51,200,76991,https://intranet.smith.russellmitchell.com/wp-content/plugins/wpdiscuz/assets/third-party/font-awesome-5.13.0/css/fa.min.css?ver=7.0.4,GET,/wp-content/plugins/wpdiscuz/assets/third-party/font-awesome-5.13.0/webfonts/fa-brands-400.woff2,HTTP/1.1,"""Mozilla/5.0 (X11; Linux x86_64) AppleWebKit/537.36 (KHTML, like Gecko) HeadlessChrome/97.0.4692.71 Safari/537.36"""
434,10.143.2.25,2022/01/22 13:30:51,200,1702,https://intranet.smith.russellmitchell.com/?p=5,GET,/wp-includes/js/comment-reply.min.js?ver=5.8.3,HTTP/1.1,"""Mozilla/5.0 (X11; Linux x86_64) AppleWebKit/537.36 (KHTML, like Gecko) HeadlessChrome/97.0.4692.71 Safari/537.36"""
435,10.143.2.25,2022/01/22 13:30:51,200,1120,https://intranet.smith.russellmitchell.com/?p=5,GET,/wp-includes/js/wp-embed.min.js?ver=5.8.3,HTTP/1.1,"""Mozilla/5.0 (X11; Linux x86_64) AppleWebKit/537.36 (KHTML, like Gecko) HeadlessChrome/97.0.4692.71 Safari/537.36"""
436,10.143.2.25,2022/01/22 13:30:51,200,2981,https://intranet.smith.russellmitchell.com/?p=5,GET,/wp-content/themes/go/dist/js/frontend.min.js?ver=1.5.2,HTTP/1.1,"""Mozilla/5.0 (X11; Linux x86_64) AppleWebKit/537.36 (KHTML, like Gecko) HeadlessChrome/97.0.4692.71 Safari/537.36"""
437,10.143.2.25,2022/01/22 13:30:51,200,71266,https://intranet.smith.russellmitchell.com/?p=5,GET,/wp-content/plugins/wpdiscuz/assets/js/wpdiscuz-combo.min.js?ver=7.0.4,HTTP/1.1,"""Mozilla/5.0 (X11; Linux x86_64) AppleWebKit/537.36 (KHTML, like Gecko) HeadlessChrome/97.0.4692.71 Safari/537.36"""
438,::1,2022/01/22 13:30:59,200,110,-,OPTIONS,*,HTTP/1.0,"""Apache/2.4.29 (Ubuntu) OpenSSL/1.1.1 (internal dummy connection)"""
439,10.143.3.65,2022/01/22 13:35:07,200,6203,-,GET,/,HTTP/1.1,"""Mozilla/5.0 (X11; Ubuntu; Linux x86_64; rv:86.0) Gecko/20100101 Firefox/86.0"""
440,10.143.3.65,2022/01/22 13:35:07,200,1412,http://intranet.smith.russellmitchell.com/,GET,/wp-content/themes/go/dist/css/design-styles/style-traditional.min.css?ver=1.5.2,HTTP/1.1,"""Mozilla/5.0 (X11; Ubuntu; Linux x86_64; rv:86.0) Gecko/20100101 Firefox/86.0"""
441,10.143.3.65,2022/01/22 13:35:07,200,2916,http://intranet.smith.russellmitchell.com/,GET,/wp-content/themes/go/dist/js/frontend.min.js?ver=1.5.2,HTTP/1.1,"""Mozilla/5.0 (X11; Ubuntu; Linux x86_64; rv:86.0) Gecko/20100101 Firefox/86.0"""
442,10.143.3.65,2022/01/22 13:35:07,200,23203,http://intranet.smith.russellmitchell.com/,GET,/wp-content/themes/go/dist/css/style-shared.min.css?ver=1.5.2,HTTP/1.1,"""Mozilla/5.0 (X11; Ubuntu; Linux x86_64; rv:86.0) Gecko/20100101 Firefox/86.0"""
443,10.143.2.25,2022/01/22 13:36:19,200,6514,https://intranet.smith.russellmitchell.com/wp-content/plugins/wpdiscuz/themes/default/style.css?ver=7.0.4,GET,/wp-content/plugins/wpdiscuz/assets/img/loading.gif,HTTP/1.1,"""Mozilla/5.0 (X11; Linux x86_64) AppleWebKit/537.36 (KHTML, like Gecko) HeadlessChrome/97.0.4692.71 Safari/537.36"""
444,10.143.2.25,2022/01/22 13:36:19,200,7978,https://intranet.smith.russellmitchell.com/?p=5,POST,/wp-admin/admin-ajax.php,HTTP/1.1,"""Mozilla/5.0 (X11; Linux x86_64) AppleWebKit/537.36 (KHTML, like Gecko) HeadlessChrome/97.0.4692.71 Safari/537.36"""
445,10.143.2.25,2022/01/22 13:36:19,200,549,https://intranet.smith.russellmitchell.com/?p=5,POST,/wp-admin/admin-ajax.php,HTTP/1.1,"""Mozilla/5.0 (X11; Linux x86_64) AppleWebKit/537.36 (KHTML, like Gecko) HeadlessChrome/97.0.4692.71 Safari/537.36"""
446,10.143.2.25,2022/01/22 13:36:42,200,6203,-,GET,/,HTTP/1.1,"""Mozilla/5.0 (X11; Linux x86_64) AppleWebKit/537.36 (KHTML, like Gecko) HeadlessChrome/97.0.4692.71 Safari/537.36"""
447,10.143.3.65,2022/01/22 13:37:25,200,6203,-,GET,/,HTTP/1.1,"""Mozilla/5.0 (X11; Ubuntu; Linux x86_64; rv:86.0) Gecko/20100101 Firefox/86.0"""
448,10.143.2.91,2022/01/22 14:02:30,200,6203,-,GET,/,HTTP/1.1,"""Mozilla/5.0 (X11; Ubuntu; Linux x86_64; rv:86.0) Gecko/20100101 Firefox/86.0"""
449,10.143.2.91,2022/01/22 14:02:30,200,10846,http://intranet.smith.russellmitchell.com/,GET,/wp-includes/css/dist/block-library/style.min.css?ver=5.8.3,HTTP/1.1,"""Mozilla/5.0 (X11; Ubuntu; Linux x86_64; rv:86.0) Gecko/20100101 Firefox/86.0"""
450,10.143.2.91,2022/01/22 14:02:30,200,1099,http://intranet.smith.russellmitchell.com/,GET,/wp-includes/js/wp-embed.min.js?ver=5.8.3,HTTP/1.1,"""Mozilla/5.0 (X11; Ubuntu; Linux x86_64; rv:86.0) Gecko/20100101 Firefox/86.0"""
451,10.143.2.91,2022/01/22 14:02:30,200,1412,http://intranet.smith.russellmitchell.com/,GET,/wp-content/themes/go/dist/css/design-styles/style-traditional.min.css?ver=1.5.2,HTTP/1.1,"""Mozilla/5.0 (X11; Ubuntu; Linux x86_64; rv:86.0) Gecko/20100101 Firefox/86.0"""
452,10.143.2.91,2022/01/22 14:02:30,200,2916,http://intranet.smith.russellmitchell.com/,GET,/wp-content/themes/go/dist/js/frontend.min.js?ver=1.5.2,HTTP/1.1,"""Mozilla/5.0 (X11; Ubuntu; Linux x86_64; rv:86.0) Gecko/20100101 Firefox/86.0"""
453,10.143.2.91,2022/01/22 14:02:30,200,5265,http://intranet.smith.russellmitchell.com/,GET,/wp-includes/js/wp-emoji-release.min.js?ver=5.8.3,HTTP/1.1,"""Mozilla/5.0 (X11; Ubuntu; Linux x86_64; rv:86.0) Gecko/20100101 Firefox/86.0"""
454,10.143.2.91,2022/01/22 14:02:30,200,23204,http://intranet.smith.russellmitchell.com/,GET,/wp-content/themes/go/dist/css/style-shared.min.css?ver=1.5.2,HTTP/1.1,"""Mozilla/5.0 (X11; Ubuntu; Linux x86_64; rv:86.0) Gecko/20100101 Firefox/86.0"""
455,10.143.2.91,2022/01/22 14:02:31,404,396,http://intranet.smith.russellmitchell.com/,GET,/favicon.ico,HTTP/1.1,"""Mozilla/5.0 (X11; Ubuntu; Linux x86_64; rv:86.0) Gecko/20100101 Firefox/86.0"""
456,10.143.2.91,2022/01/22 14:21:05,200,6203,-,GET,/,HTTP/1.1,"""Mozilla/5.0 (X11; Ubuntu; Linux x86_64; rv:86.0) Gecko/20100101 Firefox/86.0"""
457,10.143.2.91,2022/01/22 14:23:59,200,29080,-,GET,/?p=5,HTTP/1.1,"""Mozilla/5.0 (X11; Ubuntu; Linux x86_64; rv:86.0) Gecko/20100101 Firefox/86.0"""
458,10.143.2.91,2022/01/22 14:23:59,200,10934,https://intranet.smith.russellmitchell.com/?p=5,GET,/wp-includes/css/dist/block-library/style.min.css?ver=5.8.3,HTTP/1.1,"""Mozilla/5.0 (X11; Ubuntu; Linux x86_64; rv:86.0) Gecko/20100101 Firefox/86.0"""
459,10.143.2.91,2022/01/22 14:23:59,200,19726,https://intranet.smith.russellmitchell.com/?p=5,GET,/wp-content/plugins/wpdiscuz/themes/default/style.css?ver=7.0.4,HTTP/1.1,"""Mozilla/5.0 (X11; Ubuntu; Linux x86_64; rv:86.0) Gecko/20100101 Firefox/86.0"""
460,10.143.2.91,2022/01/22 14:23:59,200,2888,https://intranet.smith.russellmitchell.com/?p=5,GET,/wp-content/plugins/wpdiscuz/assets/third-party/font-awesome-5.13.0/css/fa.min.css?ver=7.0.4,HTTP/1.1,"""Mozilla/5.0 (X11; Ubuntu; Linux x86_64; rv:86.0) Gecko/20100101 Firefox/86.0"""
461,10.143.2.91,2022/01/22 14:23:59,200,2009,https://intranet.smith.russellmitchell.com/?p=5,GET,/wp-content/themes/go/dist/css/design-styles/style-traditional.min.css?ver=1.5.2,HTTP/1.1,"""Mozilla/5.0 (X11; Ubuntu; Linux x86_64; rv:86.0) Gecko/20100101 Firefox/86.0"""
462,10.143.2.91,2022/01/22 14:23:59,200,4570,https://intranet.smith.russellmitchell.com/?p=5,GET,/wp-includes/js/jquery/jquery-migrate.min.js?ver=3.3.2,HTTP/1.1,"""Mozilla/5.0 (X11; Ubuntu; Linux x86_64; rv:86.0) Gecko/20100101 Firefox/86.0"""
463,10.143.2.91,2022/01/22 14:23:59,200,31953,https://intranet.smith.russellmitchell.com/?p=5,GET,/wp-includes/js/jquery/jquery.min.js?ver=3.6.0,HTTP/1.1,"""Mozilla/5.0 (X11; Ubuntu; Linux x86_64; rv:86.0) Gecko/20100101 Firefox/86.0"""
464,10.143.2.91,2022/01/22 14:23:59,200,2981,https://intranet.smith.russellmitchell.com/?p=5,GET,/wp-content/themes/go/dist/js/frontend.min.js?ver=1.5.2,HTTP/1.1,"""Mozilla/5.0 (X11; Ubuntu; Linux x86_64; rv:86.0) Gecko/20100101 Firefox/86.0"""
465,10.143.2.91,2022/01/22 14:23:59,200,1702,https://intranet.smith.russellmitchell.com/?p=5,GET,/wp-includes/js/comment-reply.min.js?ver=5.8.3,HTTP/1.1,"""Mozilla/5.0 (X11; Ubuntu; Linux x86_64; rv:86.0) Gecko/20100101 Firefox/86.0"""
466,10.143.2.91,2022/01/22 14:23:59,200,1120,https://intranet.smith.russellmitchell.com/?p=5,GET,/wp-includes/js/wp-embed.min.js?ver=5.8.3,HTTP/1.1,"""Mozilla/5.0 (X11; Ubuntu; Linux x86_64; rv:86.0) Gecko/20100101 Firefox/86.0"""
467,10.143.2.91,2022/01/22 14:23:59,200,5907,https://intranet.smith.russellmitchell.com/?p=5,GET,/wp-includes/js/wp-emoji-release.min.js?ver=5.8.3,HTTP/1.1,"""Mozilla/5.0 (X11; Ubuntu; Linux x86_64; rv:86.0) Gecko/20100101 Firefox/86.0"""
468,10.143.2.91,2022/01/22 14:23:59,200,7375,https://intranet.smith.russellmitchell.com/?p=5,GET,/wp-content/plugins/wpdiscuz/assets/css/wpdiscuz-combo.min.css?ver=5.8.3,HTTP/1.1,"""Mozilla/5.0 (X11; Ubuntu; Linux x86_64; rv:86.0) Gecko/20100101 Firefox/86.0"""
469,10.143.2.91,2022/01/22 14:23:59,200,23889,https://intranet.smith.russellmitchell.com/?p=5,GET,/wp-content/themes/go/dist/css/style-shared.min.css?ver=1.5.2,HTTP/1.1,"""Mozilla/5.0 (X11; Ubuntu; Linux x86_64; rv:86.0) Gecko/20100101 Firefox/86.0"""
470,10.143.2.91,2022/01/22 14:23:59,200,71266,https://intranet.smith.russellmitchell.com/?p=5,GET,/wp-content/plugins/wpdiscuz/assets/js/wpdiscuz-combo.min.js?ver=7.0.4,HTTP/1.1,"""Mozilla/5.0 (X11; Ubuntu; Linux x86_64; rv:86.0) Gecko/20100101 Firefox/86.0"""
471,10.143.2.91,2022/01/22 14:23:59,200,18908,https://intranet.smith.russellmitchell.com/wp-content/plugins/wpdiscuz/themes/default/style.css?ver=7.0.4,GET,/wp-content/plugins/wpdiscuz/themes/default/css/fonts/sqr721c-webfont.woff2,HTTP/1.1,"""Mozilla/5.0 (X11; Ubuntu; Linux x86_64; rv:86.0) Gecko/20100101 Firefox/86.0"""
472,10.143.2.91,2022/01/22 14:23:59,200,13874,https://intranet.smith.russellmitchell.com/wp-content/plugins/wpdiscuz/assets/third-party/font-awesome-5.13.0/css/fa.min.css?ver=7.0.4,GET,/wp-content/plugins/wpdiscuz/assets/third-party/font-awesome-5.13.0/webfonts/fa-regular-400.woff2,HTTP/1.1,"""Mozilla/5.0 (X11; Ubuntu; Linux x86_64; rv:86.0) Gecko/20100101 Firefox/86.0"""
473,10.143.2.91,2022/01/22 14:23:59,200,79823,https://intranet.smith.russellmitchell.com/wp-content/plugins/wpdiscuz/assets/third-party/font-awesome-5.13.0/css/fa.min.css?ver=7.0.4,GET,/wp-content/plugins/wpdiscuz/assets/third-party/font-awesome-5.13.0/webfonts/fa-solid-900.woff2,HTTP/1.1,"""Mozilla/5.0 (X11; Ubuntu; Linux x86_64; rv:86.0) Gecko/20100101 Firefox/86.0"""
474,10.143.2.91,2022/01/22 14:23:59,200,76991,https://intranet.smith.russellmitchell.com/wp-content/plugins/wpdiscuz/assets/third-party/font-awesome-5.13.0/css/fa.min.css?ver=7.0.4,GET,/wp-content/plugins/wpdiscuz/assets/third-party/font-awesome-5.13.0/webfonts/fa-brands-400.woff2,HTTP/1.1,"""Mozilla/5.0 (X11; Ubuntu; Linux x86_64; rv:86.0) Gecko/20100101 Firefox/86.0"""
475,10.143.2.91,2022/01/22 14:24:00,404,418,https://intranet.smith.russellmitchell.com/?p=5,GET,/favicon.ico,HTTP/1.1,"""Mozilla/5.0 (X11; Ubuntu; Linux x86_64; rv:86.0) Gecko/20100101 Firefox/86.0"""
476,::1,2022/01/22 14:24:06,200,110,-,OPTIONS,*,HTTP/1.0,"""Apache/2.4.29 (Ubuntu) OpenSSL/1.1.1 (internal dummy connection)"""
477,10.143.2.91,2022/01/22 14:27:28,200,6203,-,GET,/,HTTP/1.1,"""Mozilla/5.0 (X11; Ubuntu; Linux x86_64; rv:86.0) Gecko/20100101 Firefox/86.0"""
478,10.143.2.4,2022/01/22 14:27:28,200,150,-,POST,/wp-cron.php?doing_wp_cron=1642861648.5451281070709228515625,HTTP/1.1,"""WordPress/5.8.3; https://intranet.smith.russellmitchell.com"""
479,10.143.2.91,2022/01/22 14:29:50,200,29082,-,GET,/?p=5,HTTP/1.1,"""Mozilla/5.0 (X11; Ubuntu; Linux x86_64; rv:86.0) Gecko/20100101 Firefox/86.0"""
480,10.143.2.91,2022/01/22 14:35:24,200,6203,-,GET,/,HTTP/1.1,"""Mozilla/5.0 (X11; Ubuntu; Linux x86_64; rv:86.0) Gecko/20100101 Firefox/86.0"""
481,172.19.131.174,2022/01/22 14:36:02,200,6203,-,GET,/,HTTP/1.1,"""Mozilla/5.0 (X11; Linux x86_64) AppleWebKit/537.36 (KHTML, like Gecko) HeadlessChrome/97.0.4692.71 Safari/537.36"""
482,172.19.131.174,2022/01/22 14:41:53,200,29174,-,GET,/?p=5,HTTP/1.1,"""Mozilla/5.0 (X11; Linux x86_64) AppleWebKit/537.36 (KHTML, like Gecko) HeadlessChrome/97.0.4692.71 Safari/537.36"""
483,172.19.131.174,2022/01/22 14:41:53,200,10934,https://intranet.smith.russellmitchell.com/?p=5,GET,/wp-includes/css/dist/block-library/style.min.css?ver=5.8.3,HTTP/1.1,"""Mozilla/5.0 (X11; Linux x86_64) AppleWebKit/537.36 (KHTML, like Gecko) HeadlessChrome/97.0.4692.71 Safari/537.36"""
484,172.19.131.174,2022/01/22 14:41:53,200,3464,https://intranet.smith.russellmitchell.com/?p=5,GET,/wp-content/plugins/wpdiscuz/assets/third-party/font-awesome-5.13.0/css/fa.min.css?ver=7.0.4,HTTP/1.1,"""Mozilla/5.0 (X11; Linux x86_64) AppleWebKit/537.36 (KHTML, like Gecko) HeadlessChrome/97.0.4692.71 Safari/537.36"""
485,172.19.131.174,2022/01/22 14:41:53,200,9820,https://intranet.smith.russellmitchell.com/?p=5,GET,/wp-content/plugins/wpdiscuz/assets/css/wpdiscuz-combo.min.css?ver=5.8.3,HTTP/1.1,"""Mozilla/5.0 (X11; Linux x86_64) AppleWebKit/537.36 (KHTML, like Gecko) HeadlessChrome/97.0.4692.71 Safari/537.36"""
486,172.19.131.174,2022/01/22 14:41:53,200,20302,https://intranet.smith.russellmitchell.com/?p=5,GET,/wp-content/plugins/wpdiscuz/themes/default/style.css?ver=7.0.4,HTTP/1.1,"""Mozilla/5.0 (X11; Linux x86_64) AppleWebKit/537.36 (KHTML, like Gecko) HeadlessChrome/97.0.4692.71 Safari/537.36"""
487,172.19.131.174,2022/01/22 14:41:54,200,2009,https://intranet.smith.russellmitchell.com/?p=5,GET,/wp-content/themes/go/dist/css/design-styles/style-traditional.min.css?ver=1.5.2,HTTP/1.1,"""Mozilla/5.0 (X11; Linux x86_64) AppleWebKit/537.36 (KHTML, like Gecko) HeadlessChrome/97.0.4692.71 Safari/537.36"""
488,172.19.131.174,2022/01/22 14:41:53,200,23313,https://intranet.smith.russellmitchell.com/?p=5,GET,/wp-content/themes/go/dist/css/style-shared.min.css?ver=1.5.2,HTTP/1.1,"""Mozilla/5.0 (X11; Linux x86_64) AppleWebKit/537.36 (KHTML, like Gecko) HeadlessChrome/97.0.4692.71 Safari/537.36"""
489,172.19.131.174,2022/01/22 14:41:54,200,31953,https://intranet.smith.russellmitchell.com/?p=5,GET,/wp-includes/js/jquery/jquery.min.js?ver=3.6.0,HTTP/1.1,"""Mozilla/5.0 (X11; Linux x86_64) AppleWebKit/537.36 (KHTML, like Gecko) HeadlessChrome/97.0.4692.71 Safari/537.36"""
490,172.19.131.174,2022/01/22 14:41:54,200,4570,https://intranet.smith.russellmitchell.com/?p=5,GET,/wp-includes/js/jquery/jquery-migrate.min.js?ver=3.3.2,HTTP/1.1,"""Mozilla/5.0 (X11; Linux x86_64) AppleWebKit/537.36 (KHTML, like Gecko) HeadlessChrome/97.0.4692.71 Safari/537.36"""
491,172.19.131.174,2022/01/22 14:41:54,200,5331,https://intranet.smith.russellmitchell.com/?p=5,GET,/wp-includes/js/wp-emoji-release.min.js?ver=5.8.3,HTTP/1.1,"""Mozilla/5.0 (X11; Linux x86_64) AppleWebKit/537.36 (KHTML, like Gecko) HeadlessChrome/97.0.4692.71 Safari/537.36"""
492,172.19.131.174,2022/01/22 14:41:54,200,18908,https://intranet.smith.russellmitchell.com/wp-content/plugins/wpdiscuz/themes/default/style.css?ver=7.0.4,GET,/wp-content/plugins/wpdiscuz/themes/default/css/fonts/sqr721c-webfont.woff2,HTTP/1.1,"""Mozilla/5.0 (X11; Linux x86_64) AppleWebKit/537.36 (KHTML, like Gecko) HeadlessChrome/97.0.4692.71 Safari/537.36"""
493,172.19.131.174,2022/01/22 14:41:54,200,13874,https://intranet.smith.russellmitchell.com/wp-content/plugins/wpdiscuz/assets/third-party/font-awesome-5.13.0/css/fa.min.css?ver=7.0.4,GET,/wp-content/plugins/wpdiscuz/assets/third-party/font-awesome-5.13.0/webfonts/fa-regular-400.woff2,HTTP/1.1,"""Mozilla/5.0 (X11; Linux x86_64) AppleWebKit/537.36 (KHTML, like Gecko) HeadlessChrome/97.0.4692.71 Safari/537.36"""
494,172.19.131.174,2022/01/22 14:41:54,200,76991,https://intranet.smith.russellmitchell.com/wp-content/plugins/wpdiscuz/assets/third-party/font-awesome-5.13.0/css/fa.min.css?ver=7.0.4,GET,/wp-content/plugins/wpdiscuz/assets/third-party/font-awesome-5.13.0/webfonts/fa-brands-400.woff2,HTTP/1.1,"""Mozilla/5.0 (X11; Linux x86_64) AppleWebKit/537.36 (KHTML, like Gecko) HeadlessChrome/97.0.4692.71 Safari/537.36"""
495,172.19.131.174,2022/01/22 14:41:54,200,79823,https://intranet.smith.russellmitchell.com/wp-content/plugins/wpdiscuz/assets/third-party/font-awesome-5.13.0/css/fa.min.css?ver=7.0.4,GET,/wp-content/plugins/wpdiscuz/assets/third-party/font-awesome-5.13.0/webfonts/fa-solid-900.woff2,HTTP/1.1,"""Mozilla/5.0 (X11; Linux x86_64) AppleWebKit/537.36 (KHTML, like Gecko) HeadlessChrome/97.0.4692.71 Safari/537.36"""
496,172.19.131.174,2022/01/22 14:41:54,200,2981,https://intranet.smith.russellmitchell.com/?p=5,GET,/wp-content/themes/go/dist/js/frontend.min.js?ver=1.5.2,HTTP/1.1,"""Mozilla/5.0 (X11; Linux x86_64) AppleWebKit/537.36 (KHTML, like Gecko) HeadlessChrome/97.0.4692.71 Safari/537.36"""
497,172.19.131.174,2022/01/22 14:41:54,200,1702,https://intranet.smith.russellmitchell.com/?p=5,GET,/wp-includes/js/comment-reply.min.js?ver=5.8.3,HTTP/1.1,"""Mozilla/5.0 (X11; Linux x86_64) AppleWebKit/537.36 (KHTML, like Gecko) HeadlessChrome/97.0.4692.71 Safari/537.36"""
498,172.19.131.174,2022/01/22 14:41:54,200,71266,https://intranet.smith.russellmitchell.com/?p=5,GET,/wp-content/plugins/wpdiscuz/assets/js/wpdiscuz-combo.min.js?ver=7.0.4,HTTP/1.1,"""Mozilla/5.0 (X11; Linux x86_64) AppleWebKit/537.36 (KHTML, like Gecko) HeadlessChrome/97.0.4692.71 Safari/537.36"""
499,172.19.131.174,2022/01/22 14:41:54,200,1120,https://intranet.smith.russellmitchell.com/?p=5,GET,/wp-includes/js/wp-embed.min.js?ver=5.8.3,HTTP/1.1,"""Mozilla/5.0 (X11; Linux x86_64) AppleWebKit/537.36 (KHTML, like Gecko) HeadlessChrome/97.0.4692.71 Safari/537.36"""
500,::1,2022/01/22 14:42:02,200,110,-,OPTIONS,*,HTTP/1.0,"""Apache/2.4.29 (Ubuntu) OpenSSL/1.1.1 (internal dummy connection)"""
501,172.19.131.174,2022/01/22 14:43:09,200,4069,https://intranet.smith.russellmitchell.com/wp-content/plugins/wpdiscuz/themes/default/style.css?ver=7.0.4,GET,/wp-content/plugins/wpdiscuz/assets/img/loading.gif,HTTP/1.1,"""Mozilla/5.0 (X11; Linux x86_64) AppleWebKit/537.36 (KHTML, like Gecko) HeadlessChrome/97.0.4692.71 Safari/537.36"""
502,172.19.131.174,2022/01/22 14:43:09,200,1187,https://intranet.smith.russellmitchell.com/?p=5,POST,/wp-admin/admin-ajax.php,HTTP/1.1,"""Mozilla/5.0 (X11; Linux x86_64) AppleWebKit/537.36 (KHTML, like Gecko) HeadlessChrome/97.0.4692.71 Safari/537.36"""
503,172.19.131.174,2022/01/22 14:43:18,200,6203,-,GET,/,HTTP/1.1,"""Mozilla/5.0 (X11; Linux x86_64) AppleWebKit/537.36 (KHTML, like Gecko) HeadlessChrome/97.0.4692.71 Safari/537.36"""
504,172.19.131.174,2022/01/22 14:47:55,200,26731,-,GET,/?p=5,HTTP/1.1,"""Mozilla/5.0 (X11; Linux x86_64) AppleWebKit/537.36 (KHTML, like Gecko) HeadlessChrome/97.0.4692.71 Safari/537.36"""
505,172.19.131.174,2022/01/22 14:47:56,200,10934,https://intranet.smith.russellmitchell.com/?p=5,GET,/wp-includes/css/dist/block-library/style.min.css?ver=5.8.3,HTTP/1.1,"""Mozilla/5.0 (X11; Linux x86_64) AppleWebKit/537.36 (KHTML, like Gecko) HeadlessChrome/97.0.4692.71 Safari/537.36"""
506,172.19.131.174,2022/01/22 14:47:56,200,20302,https://intranet.smith.russellmitchell.com/?p=5,GET,/wp-content/plugins/wpdiscuz/themes/default/style.css?ver=7.0.4,HTTP/1.1,"""Mozilla/5.0 (X11; Linux x86_64) AppleWebKit/537.36 (KHTML, like Gecko) HeadlessChrome/97.0.4692.71 Safari/537.36"""
507,172.19.131.174,2022/01/22 14:47:56,200,3464,https://intranet.smith.russellmitchell.com/?p=5,GET,/wp-content/plugins/wpdiscuz/assets/third-party/font-awesome-5.13.0/css/fa.min.css?ver=7.0.4,HTTP/1.1,"""Mozilla/5.0 (X11; Linux x86_64) AppleWebKit/537.36 (KHTML, like Gecko) HeadlessChrome/97.0.4692.71 Safari/537.36"""
508,172.19.131.174,2022/01/22 14:47:56,200,7375,https://intranet.smith.russellmitchell.com/?p=5,GET,/wp-content/plugins/wpdiscuz/assets/css/wpdiscuz-combo.min.css?ver=5.8.3,HTTP/1.1,"""Mozilla/5.0 (X11; Linux x86_64) AppleWebKit/537.36 (KHTML, like Gecko) HeadlessChrome/97.0.4692.71 Safari/537.36"""
509,172.19.131.174,2022/01/22 14:47:56,200,4454,https://intranet.smith.russellmitchell.com/?p=5,GET,/wp-content/themes/go/dist/css/design-styles/style-traditional.min.css?ver=1.5.2,HTTP/1.1,"""Mozilla/5.0 (X11; Linux x86_64) AppleWebKit/537.36 (KHTML, like Gecko) HeadlessChrome/97.0.4692.71 Safari/537.36"""
510,172.19.131.174,2022/01/22 14:47:56,200,31377,https://intranet.smith.russellmitchell.com/?p=5,GET,/wp-includes/js/jquery/jquery.min.js?ver=3.6.0,HTTP/1.1,"""Mozilla/5.0 (X11; Linux x86_64) AppleWebKit/537.36 (KHTML, like Gecko) HeadlessChrome/97.0.4692.71 Safari/537.36"""
511,172.19.131.174,2022/01/22 14:47:56,200,23889,https://intranet.smith.russellmitchell.com/?p=5,GET,/wp-content/themes/go/dist/css/style-shared.min.css?ver=1.5.2,HTTP/1.1,"""Mozilla/5.0 (X11; Linux x86_64) AppleWebKit/537.36 (KHTML, like Gecko) HeadlessChrome/97.0.4692.71 Safari/537.36"""
512,172.19.131.174,2022/01/22 14:47:56,200,4570,https://intranet.smith.russellmitchell.com/?p=5,GET,/wp-includes/js/jquery/jquery-migrate.min.js?ver=3.3.2,HTTP/1.1,"""Mozilla/5.0 (X11; Linux x86_64) AppleWebKit/537.36 (KHTML, like Gecko) HeadlessChrome/97.0.4692.71 Safari/537.36"""
513,172.19.131.174,2022/01/22 14:47:56,200,5331,https://intranet.smith.russellmitchell.com/?p=5,GET,/wp-includes/js/wp-emoji-release.min.js?ver=5.8.3,HTTP/1.1,"""Mozilla/5.0 (X11; Linux x86_64) AppleWebKit/537.36 (KHTML, like Gecko) HeadlessChrome/97.0.4692.71 Safari/537.36"""
514,172.19.131.174,2022/01/22 14:47:56,200,18908,https://intranet.smith.russellmitchell.com/wp-content/plugins/wpdiscuz/themes/default/style.css?ver=7.0.4,GET,/wp-content/plugins/wpdiscuz/themes/default/css/fonts/sqr721c-webfont.woff2,HTTP/1.1,"""Mozilla/5.0 (X11; Linux x86_64) AppleWebKit/537.36 (KHTML, like Gecko) HeadlessChrome/97.0.4692.71 Safari/537.36"""
515,172.19.131.174,2022/01/22 14:47:56,200,13874,https://intranet.smith.russellmitchell.com/wp-content/plugins/wpdiscuz/assets/third-party/font-awesome-5.13.0/css/fa.min.css?ver=7.0.4,GET,/wp-content/plugins/wpdiscuz/assets/third-party/font-awesome-5.13.0/webfonts/fa-regular-400.woff2,HTTP/1.1,"""Mozilla/5.0 (X11; Linux x86_64) AppleWebKit/537.36 (KHTML, like Gecko) HeadlessChrome/97.0.4692.71 Safari/537.36"""
516,172.19.131.174,2022/01/22 14:47:56,200,76991,https://intranet.smith.russellmitchell.com/wp-content/plugins/wpdiscuz/assets/third-party/font-awesome-5.13.0/css/fa.min.css?ver=7.0.4,GET,/wp-content/plugins/wpdiscuz/assets/third-party/font-awesome-5.13.0/webfonts/fa-brands-400.woff2,HTTP/1.1,"""Mozilla/5.0 (X11; Linux x86_64) AppleWebKit/537.36 (KHTML, like Gecko) HeadlessChrome/97.0.4692.71 Safari/537.36"""
517,172.19.131.174,2022/01/22 14:47:56,200,79823,https://intranet.smith.russellmitchell.com/wp-content/plugins/wpdiscuz/assets/third-party/font-awesome-5.13.0/css/fa.min.css?ver=7.0.4,GET,/wp-content/plugins/wpdiscuz/assets/third-party/font-awesome-5.13.0/webfonts/fa-solid-900.woff2,HTTP/1.1,"""Mozilla/5.0 (X11; Linux x86_64) AppleWebKit/537.36 (KHTML, like Gecko) HeadlessChrome/97.0.4692.71 Safari/537.36"""
518,172.19.131.174,2022/01/22 14:47:57,200,2981,https://intranet.smith.russellmitchell.com/?p=5,GET,/wp-content/themes/go/dist/js/frontend.min.js?ver=1.5.2,HTTP/1.1,"""Mozilla/5.0 (X11; Linux x86_64) AppleWebKit/537.36 (KHTML, like Gecko) HeadlessChrome/97.0.4692.71 Safari/537.36"""
519,172.19.131.174,2022/01/22 14:47:57,200,1702,https://intranet.smith.russellmitchell.com/?p=5,GET,/wp-includes/js/comment-reply.min.js?ver=5.8.3,HTTP/1.1,"""Mozilla/5.0 (X11; Linux x86_64) AppleWebKit/537.36 (KHTML, like Gecko) HeadlessChrome/97.0.4692.71 Safari/537.36"""
520,172.19.131.174,2022/01/22 14:47:57,200,1120,https://intranet.smith.russellmitchell.com/?p=5,GET,/wp-includes/js/wp-embed.min.js?ver=5.8.3,HTTP/1.1,"""Mozilla/5.0 (X11; Linux x86_64) AppleWebKit/537.36 (KHTML, like Gecko) HeadlessChrome/97.0.4692.71 Safari/537.36"""
521,172.19.131.174,2022/01/22 14:47:57,200,71266,https://intranet.smith.russellmitchell.com/?p=5,GET,/wp-content/plugins/wpdiscuz/assets/js/wpdiscuz-combo.min.js?ver=7.0.4,HTTP/1.1,"""Mozilla/5.0 (X11; Linux x86_64) AppleWebKit/537.36 (KHTML, like Gecko) HeadlessChrome/97.0.4692.71 Safari/537.36"""
522,172.19.131.174,2022/01/22 14:48:01,200,6203,-,GET,/,HTTP/1.1,"""Mozilla/5.0 (X11; Ubuntu; Linux x86_64; rv:86.0) Gecko/20100101 Firefox/86.0"""
523,172.19.131.174,2022/01/22 14:48:01,200,10846,http://intranet.smith.russellmitchell.com/,GET,/wp-includes/css/dist/block-library/style.min.css?ver=5.8.3,HTTP/1.1,"""Mozilla/5.0 (X11; Ubuntu; Linux x86_64; rv:86.0) Gecko/20100101 Firefox/86.0"""
524,172.19.131.174,2022/01/22 14:48:01,200,1412,http://intranet.smith.russellmitchell.com/,GET,/wp-content/themes/go/dist/css/design-styles/style-traditional.min.css?ver=1.5.2,HTTP/1.1,"""Mozilla/5.0 (X11; Ubuntu; Linux x86_64; rv:86.0) Gecko/20100101 Firefox/86.0"""
525,172.19.131.174,2022/01/22 14:48:01,200,1099,http://intranet.smith.russellmitchell.com/,GET,/wp-includes/js/wp-embed.min.js?ver=5.8.3,HTTP/1.1,"""Mozilla/5.0 (X11; Ubuntu; Linux x86_64; rv:86.0) Gecko/20100101 Firefox/86.0"""
526,172.19.131.174,2022/01/22 14:48:01,200,2916,http://intranet.smith.russellmitchell.com/,GET,/wp-content/themes/go/dist/js/frontend.min.js?ver=1.5.2,HTTP/1.1,"""Mozilla/5.0 (X11; Ubuntu; Linux x86_64; rv:86.0) Gecko/20100101 Firefox/86.0"""
527,172.19.131.174,2022/01/22 14:48:01,200,23204,http://intranet.smith.russellmitchell.com/,GET,/wp-content/themes/go/dist/css/style-shared.min.css?ver=1.5.2,HTTP/1.1,"""Mozilla/5.0 (X11; Ubuntu; Linux x86_64; rv:86.0) Gecko/20100101 Firefox/86.0"""
528,172.19.131.174,2022/01/22 14:48:02,404,396,http://intranet.smith.russellmitchell.com/,GET,/favicon.ico,HTTP/1.1,"""Mozilla/5.0 (X11; Ubuntu; Linux x86_64; rv:86.0) Gecko/20100101 Firefox/86.0"""
529,172.19.131.174,2022/01/22 14:48:02,200,5266,http://intranet.smith.russellmitchell.com/,GET,/wp-includes/js/wp-emoji-release.min.js?ver=5.8.3,HTTP/1.1,"""Mozilla/5.0 (X11; Ubuntu; Linux x86_64; rv:86.0) Gecko/20100101 Firefox/86.0"""
530,::1,2022/01/22 14:48:07,200,110,-,OPTIONS,*,HTTP/1.0,"""Apache/2.4.29 (Ubuntu) OpenSSL/1.1.1 (internal dummy connection)"""
531,::1,2022/01/22 14:48:08,200,110,-,OPTIONS,*,HTTP/1.0,"""Apache/2.4.29 (Ubuntu) OpenSSL/1.1.1 (internal dummy connection)"""
532,::1,2022/01/22 14:48:09,200,110,-,OPTIONS,*,HTTP/1.0,"""Apache/2.4.29 (Ubuntu) OpenSSL/1.1.1 (internal dummy connection)"""
533,::1,2022/01/22 14:48:10,200,110,-,OPTIONS,*,HTTP/1.0,"""Apache/2.4.29 (Ubuntu) OpenSSL/1.1.1 (internal dummy connection)"""
534,10.143.2.91,2022/01/22 14:48:44,200,6203,-,GET,/,HTTP/1.1,"""Mozilla/5.0 (X11; Ubuntu; Linux x86_64; rv:86.0) Gecko/20100101 Firefox/86.0"""
535,172.19.131.174,2022/01/22 14:49:47,200,4069,https://intranet.smith.russellmitchell.com/wp-content/plugins/wpdiscuz/themes/default/style.css?ver=7.0.4,GET,/wp-content/plugins/wpdiscuz/assets/img/loading.gif,HTTP/1.1,"""Mozilla/5.0 (X11; Linux x86_64) AppleWebKit/537.36 (KHTML, like Gecko) HeadlessChrome/97.0.4692.71 Safari/537.36"""
536,172.19.131.174,2022/01/22 14:49:47,200,1187,https://intranet.smith.russellmitchell.com/?p=5,POST,/wp-admin/admin-ajax.php,HTTP/1.1,"""Mozilla/5.0 (X11; Linux x86_64) AppleWebKit/537.36 (KHTML, like Gecko) HeadlessChrome/97.0.4692.71 Safari/537.36"""
537,172.19.131.174,2022/01/22 14:49:53,200,1239,https://intranet.smith.russellmitchell.com/?p=5,POST,/wp-admin/admin-ajax.php,HTTP/1.1,"""Mozilla/5.0 (X11; Linux x86_64) AppleWebKit/537.36 (KHTML, like Gecko) HeadlessChrome/97.0.4692.71 Safari/537.36"""
538,172.19.131.174,2022/01/22 14:50:00,200,1187,https://intranet.smith.russellmitchell.com/?p=5,POST,/wp-admin/admin-ajax.php,HTTP/1.1,"""Mozilla/5.0 (X11; Linux x86_64) AppleWebKit/537.36 (KHTML, like Gecko) HeadlessChrome/97.0.4692.71 Safari/537.36"""
539,172.19.131.174,2022/01/22 14:50:08,200,1237,https://intranet.smith.russellmitchell.com/?p=5,POST,/wp-admin/admin-ajax.php,HTTP/1.1,"""Mozilla/5.0 (X11; Linux x86_64) AppleWebKit/537.36 (KHTML, like Gecko) HeadlessChrome/97.0.4692.71 Safari/537.36"""
540,172.19.131.174,2022/01/22 14:50:16,200,6203,-,GET,/,HTTP/1.1,"""Mozilla/5.0 (X11; Linux x86_64) AppleWebKit/537.36 (KHTML, like Gecko) HeadlessChrome/97.0.4692.71 Safari/537.36"""
541,10.143.2.25,2022/01/22 15:22:41,200,6203,-,GET,/,HTTP/1.1,"""Mozilla/5.0 (X11; Linux x86_64) AppleWebKit/537.36 (KHTML, like Gecko) HeadlessChrome/97.0.4692.71 Safari/537.36"""
542,10.143.2.25,2022/01/22 15:27:11,200,29136,-,GET,/?p=5,HTTP/1.1,"""Mozilla/5.0 (X11; Linux x86_64) AppleWebKit/537.36 (KHTML, like Gecko) HeadlessChrome/97.0.4692.71 Safari/537.36"""
543,10.143.2.25,2022/01/22 15:27:12,200,3464,https://intranet.smith.russellmitchell.com/?p=5,GET,/wp-content/plugins/wpdiscuz/assets/third-party/font-awesome-5.13.0/css/fa.min.css?ver=7.0.4,HTTP/1.1,"""Mozilla/5.0 (X11; Linux x86_64) AppleWebKit/537.36 (KHTML, like Gecko) HeadlessChrome/97.0.4692.71 Safari/537.36"""
544,10.143.2.25,2022/01/22 15:27:12,200,7375,https://intranet.smith.russellmitchell.com/?p=5,GET,/wp-content/plugins/wpdiscuz/assets/css/wpdiscuz-combo.min.css?ver=5.8.3,HTTP/1.1,"""Mozilla/5.0 (X11; Linux x86_64) AppleWebKit/537.36 (KHTML, like Gecko) HeadlessChrome/97.0.4692.71 Safari/537.36"""
545,10.143.2.25,2022/01/22 15:27:12,200,10934,https://intranet.smith.russellmitchell.com/?p=5,GET,/wp-includes/css/dist/block-library/style.min.css?ver=5.8.3,HTTP/1.1,"""Mozilla/5.0 (X11; Linux x86_64) AppleWebKit/537.36 (KHTML, like Gecko) HeadlessChrome/97.0.4692.71 Safari/537.36"""
546,10.143.2.25,2022/01/22 15:27:12,200,1433,https://intranet.smith.russellmitchell.com/?p=5,GET,/wp-content/themes/go/dist/css/design-styles/style-traditional.min.css?ver=1.5.2,HTTP/1.1,"""Mozilla/5.0 (X11; Linux x86_64) AppleWebKit/537.36 (KHTML, like Gecko) HeadlessChrome/97.0.4692.71 Safari/537.36"""
547,10.143.2.25,2022/01/22 15:27:12,200,4570,https://intranet.smith.russellmitchell.com/?p=5,GET,/wp-includes/js/jquery/jquery-migrate.min.js?ver=3.3.2,HTTP/1.1,"""Mozilla/5.0 (X11; Linux x86_64) AppleWebKit/537.36 (KHTML, like Gecko) HeadlessChrome/97.0.4692.71 Safari/537.36"""
548,10.143.2.25,2022/01/22 15:27:12,200,20302,https://intranet.smith.russellmitchell.com/?p=5,GET,/wp-content/plugins/wpdiscuz/themes/default/style.css?ver=7.0.4,HTTP/1.1,"""Mozilla/5.0 (X11; Linux x86_64) AppleWebKit/537.36 (KHTML, like Gecko) HeadlessChrome/97.0.4692.71 Safari/537.36"""
549,10.143.2.25,2022/01/22 15:27:12,200,23313,https://intranet.smith.russellmitchell.com/?p=5,GET,/wp-content/themes/go/dist/css/style-shared.min.css?ver=1.5.2,HTTP/1.1,"""Mozilla/5.0 (X11; Linux x86_64) AppleWebKit/537.36 (KHTML, like Gecko) HeadlessChrome/97.0.4692.71 Safari/537.36"""
550,10.143.2.25,2022/01/22 15:27:12,200,31377,https://intranet.smith.russellmitchell.com/?p=5,GET,/wp-includes/js/jquery/jquery.min.js?ver=3.6.0,HTTP/1.1,"""Mozilla/5.0 (X11; Linux x86_64) AppleWebKit/537.36 (KHTML, like Gecko) HeadlessChrome/97.0.4692.71 Safari/537.36"""
551,10.143.2.25,2022/01/22 15:27:12,200,5331,https://intranet.smith.russellmitchell.com/?p=5,GET,/wp-includes/js/wp-emoji-release.min.js?ver=5.8.3,HTTP/1.1,"""Mozilla/5.0 (X11; Linux x86_64) AppleWebKit/537.36 (KHTML, like Gecko) HeadlessChrome/97.0.4692.71 Safari/537.36"""
552,10.143.2.25,2022/01/22 15:27:12,200,18908,https://intranet.smith.russellmitchell.com/wp-content/plugins/wpdiscuz/themes/default/style.css?ver=7.0.4,GET,/wp-content/plugins/wpdiscuz/themes/default/css/fonts/sqr721c-webfont.woff2,HTTP/1.1,"""Mozilla/5.0 (X11; Linux x86_64) AppleWebKit/537.36 (KHTML, like Gecko) HeadlessChrome/97.0.4692.71 Safari/537.36"""
553,10.143.2.25,2022/01/22 15:27:12,200,79823,https://intranet.smith.russellmitchell.com/wp-content/plugins/wpdiscuz/assets/third-party/font-awesome-5.13.0/css/fa.min.css?ver=7.0.4,GET,/wp-content/plugins/wpdiscuz/assets/third-party/font-awesome-5.13.0/webfonts/fa-solid-900.woff2,HTTP/1.1,"""Mozilla/5.0 (X11; Linux x86_64) AppleWebKit/537.36 (KHTML, like Gecko) HeadlessChrome/97.0.4692.71 Safari/537.36"""
554,10.143.2.25,2022/01/22 15:27:12,200,76991,https://intranet.smith.russellmitchell.com/wp-content/plugins/wpdiscuz/assets/third-party/font-awesome-5.13.0/css/fa.min.css?ver=7.0.4,GET,/wp-content/plugins/wpdiscuz/assets/third-party/font-awesome-5.13.0/webfonts/fa-brands-400.woff2,HTTP/1.1,"""Mozilla/5.0 (X11; Linux x86_64) AppleWebKit/537.36 (KHTML, like Gecko) HeadlessChrome/97.0.4692.71 Safari/537.36"""
555,10.143.2.25,2022/01/22 15:27:12,200,13874,https://intranet.smith.russellmitchell.com/wp-content/plugins/wpdiscuz/assets/third-party/font-awesome-5.13.0/css/fa.min.css?ver=7.0.4,GET,/wp-content/plugins/wpdiscuz/assets/third-party/font-awesome-5.13.0/webfonts/fa-regular-400.woff2,HTTP/1.1,"""Mozilla/5.0 (X11; Linux x86_64) AppleWebKit/537.36 (KHTML, like Gecko) HeadlessChrome/97.0.4692.71 Safari/537.36"""
556,10.143.2.25,2022/01/22 15:27:12,200,1702,https://intranet.smith.russellmitchell.com/?p=5,GET,/wp-includes/js/comment-reply.min.js?ver=5.8.3,HTTP/1.1,"""Mozilla/5.0 (X11; Linux x86_64) AppleWebKit/537.36 (KHTML, like Gecko) HeadlessChrome/97.0.4692.71 Safari/537.36"""
557,10.143.2.25,2022/01/22 15:27:12,200,1120,https://intranet.smith.russellmitchell.com/?p=5,GET,/wp-includes/js/wp-embed.min.js?ver=5.8.3,HTTP/1.1,"""Mozilla/5.0 (X11; Linux x86_64) AppleWebKit/537.36 (KHTML, like Gecko) HeadlessChrome/97.0.4692.71 Safari/537.36"""
558,10.143.2.25,2022/01/22 15:27:12,200,2981,https://intranet.smith.russellmitchell.com/?p=5,GET,/wp-content/themes/go/dist/js/frontend.min.js?ver=1.5.2,HTTP/1.1,"""Mozilla/5.0 (X11; Linux x86_64) AppleWebKit/537.36 (KHTML, like Gecko) HeadlessChrome/97.0.4692.71 Safari/537.36"""
559,10.143.2.25,2022/01/22 15:27:12,200,71266,https://intranet.smith.russellmitchell.com/?p=5,GET,/wp-content/plugins/wpdiscuz/assets/js/wpdiscuz-combo.min.js?ver=7.0.4,HTTP/1.1,"""Mozilla/5.0 (X11; Linux x86_64) AppleWebKit/537.36 (KHTML, like Gecko) HeadlessChrome/97.0.4692.71 Safari/537.36"""
560,10.143.2.25,2022/01/22 15:27:32,408,3020,-,,,,"""-"""
561,10.143.2.25,2022/01/22 15:27:32,408,3020,-,,,,"""-"""
562,::1,2022/01/22 15:27:35,200,110,-,OPTIONS,*,HTTP/1.0,"""Apache/2.4.29 (Ubuntu) OpenSSL/1.1.1 (internal dummy connection)"""
563,10.143.2.25,2022/01/22 15:31:00,200,4069,https://intranet.smith.russellmitchell.com/wp-content/plugins/wpdiscuz/themes/default/style.css?ver=7.0.4,GET,/wp-content/plugins/wpdiscuz/assets/img/loading.gif,HTTP/1.1,"""Mozilla/5.0 (X11; Linux x86_64) AppleWebKit/537.36 (KHTML, like Gecko) HeadlessChrome/97.0.4692.71 Safari/537.36"""
564,10.143.2.25,2022/01/22 15:31:00,200,1239,https://intranet.smith.russellmitchell.com/?p=5,POST,/wp-admin/admin-ajax.php,HTTP/1.1,"""Mozilla/5.0 (X11; Linux x86_64) AppleWebKit/537.36 (KHTML, like Gecko) HeadlessChrome/97.0.4692.71 Safari/537.36"""
565,10.143.2.25,2022/01/22 15:31:07,200,6203,-,GET,/,HTTP/1.1,"""Mozilla/5.0 (X11; Linux x86_64) AppleWebKit/537.36 (KHTML, like Gecko) HeadlessChrome/97.0.4692.71 Safari/537.36"""
566,10.143.2.25,2022/01/22 15:39:27,200,29152,-,GET,/?p=5,HTTP/1.1,"""Mozilla/5.0 (X11; Linux x86_64) AppleWebKit/537.36 (KHTML, like Gecko) HeadlessChrome/97.0.4692.71 Safari/537.36"""
567,10.143.2.25,2022/01/22 15:39:27,200,3464,https://intranet.smith.russellmitchell.com/?p=5,GET,/wp-content/plugins/wpdiscuz/assets/third-party/font-awesome-5.13.0/css/fa.min.css?ver=7.0.4,HTTP/1.1,"""Mozilla/5.0 (X11; Linux x86_64) AppleWebKit/537.36 (KHTML, like Gecko) HeadlessChrome/97.0.4692.71 Safari/537.36"""
568,10.143.2.25,2022/01/22 15:39:27,200,1433,https://intranet.smith.russellmitchell.com/?p=5,GET,/wp-content/themes/go/dist/css/design-styles/style-traditional.min.css?ver=1.5.2,HTTP/1.1,"""Mozilla/5.0 (X11; Linux x86_64) AppleWebKit/537.36 (KHTML, like Gecko) HeadlessChrome/97.0.4692.71 Safari/537.36"""
569,10.143.2.25,2022/01/22 15:39:27,200,7375,https://intranet.smith.russellmitchell.com/?p=5,GET,/wp-content/plugins/wpdiscuz/assets/css/wpdiscuz-combo.min.css?ver=5.8.3,HTTP/1.1,"""Mozilla/5.0 (X11; Linux x86_64) AppleWebKit/537.36 (KHTML, like Gecko) HeadlessChrome/97.0.4692.71 Safari/537.36"""
570,10.143.2.25,2022/01/22 15:39:27,200,4570,https://intranet.smith.russellmitchell.com/?p=5,GET,/wp-includes/js/jquery/jquery-migrate.min.js?ver=3.3.2,HTTP/1.1,"""Mozilla/5.0 (X11; Linux x86_64) AppleWebKit/537.36 (KHTML, like Gecko) HeadlessChrome/97.0.4692.71 Safari/537.36"""
571,10.143.2.25,2022/01/22 15:39:27,200,10934,https://intranet.smith.russellmitchell.com/?p=5,GET,/wp-includes/css/dist/block-library/style.min.css?ver=5.8.3,HTTP/1.1,"""Mozilla/5.0 (X11; Linux x86_64) AppleWebKit/537.36 (KHTML, like Gecko) HeadlessChrome/97.0.4692.71 Safari/537.36"""
572,10.143.2.25,2022/01/22 15:39:27,200,23889,https://intranet.smith.russellmitchell.com/?p=5,GET,/wp-content/themes/go/dist/css/style-shared.min.css?ver=1.5.2,HTTP/1.1,"""Mozilla/5.0 (X11; Linux x86_64) AppleWebKit/537.36 (KHTML, like Gecko) HeadlessChrome/97.0.4692.71 Safari/537.36"""
573,10.143.2.25,2022/01/22 15:39:27,200,20302,https://intranet.smith.russellmitchell.com/?p=5,GET,/wp-content/plugins/wpdiscuz/themes/default/style.css?ver=7.0.4,HTTP/1.1,"""Mozilla/5.0 (X11; Linux x86_64) AppleWebKit/537.36 (KHTML, like Gecko) HeadlessChrome/97.0.4692.71 Safari/537.36"""
574,10.143.2.25,2022/01/22 15:39:27,200,31377,https://intranet.smith.russellmitchell.com/?p=5,GET,/wp-includes/js/jquery/jquery.min.js?ver=3.6.0,HTTP/1.1,"""Mozilla/5.0 (X11; Linux x86_64) AppleWebKit/537.36 (KHTML, like Gecko) HeadlessChrome/97.0.4692.71 Safari/537.36"""
575,10.143.2.25,2022/01/22 15:39:27,200,5331,https://intranet.smith.russellmitchell.com/?p=5,GET,/wp-includes/js/wp-emoji-release.min.js?ver=5.8.3,HTTP/1.1,"""Mozilla/5.0 (X11; Linux x86_64) AppleWebKit/537.36 (KHTML, like Gecko) HeadlessChrome/97.0.4692.71 Safari/537.36"""
576,10.143.2.25,2022/01/22 15:39:27,200,18908,https://intranet.smith.russellmitchell.com/wp-content/plugins/wpdiscuz/themes/default/style.css?ver=7.0.4,GET,/wp-content/plugins/wpdiscuz/themes/default/css/fonts/sqr721c-webfont.woff2,HTTP/1.1,"""Mozilla/5.0 (X11; Linux x86_64) AppleWebKit/537.36 (KHTML, like Gecko) HeadlessChrome/97.0.4692.71 Safari/537.36"""
577,10.143.2.25,2022/01/22 15:39:27,200,13874,https://intranet.smith.russellmitchell.com/wp-content/plugins/wpdiscuz/assets/third-party/font-awesome-5.13.0/css/fa.min.css?ver=7.0.4,GET,/wp-content/plugins/wpdiscuz/assets/third-party/font-awesome-5.13.0/webfonts/fa-regular-400.woff2,HTTP/1.1,"""Mozilla/5.0 (X11; Linux x86_64) AppleWebKit/537.36 (KHTML, like Gecko) HeadlessChrome/97.0.4692.71 Safari/537.36"""
578,10.143.2.25,2022/01/22 15:39:27,200,76991,https://intranet.smith.russellmitchell.com/wp-content/plugins/wpdiscuz/assets/third-party/font-awesome-5.13.0/css/fa.min.css?ver=7.0.4,GET,/wp-content/plugins/wpdiscuz/assets/third-party/font-awesome-5.13.0/webfonts/fa-brands-400.woff2,HTTP/1.1,"""Mozilla/5.0 (X11; Linux x86_64) AppleWebKit/537.36 (KHTML, like Gecko) HeadlessChrome/97.0.4692.71 Safari/537.36"""
579,10.143.2.25,2022/01/22 15:39:27,200,79823,https://intranet.smith.russellmitchell.com/wp-content/plugins/wpdiscuz/assets/third-party/font-awesome-5.13.0/css/fa.min.css?ver=7.0.4,GET,/wp-content/plugins/wpdiscuz/assets/third-party/font-awesome-5.13.0/webfonts/fa-solid-900.woff2,HTTP/1.1,"""Mozilla/5.0 (X11; Linux x86_64) AppleWebKit/537.36 (KHTML, like Gecko) HeadlessChrome/97.0.4692.71 Safari/537.36"""
580,10.143.2.25,2022/01/22 15:39:27,200,2981,https://intranet.smith.russellmitchell.com/?p=5,GET,/wp-content/themes/go/dist/js/frontend.min.js?ver=1.5.2,HTTP/1.1,"""Mozilla/5.0 (X11; Linux x86_64) AppleWebKit/537.36 (KHTML, like Gecko) HeadlessChrome/97.0.4692.71 Safari/537.36"""
581,10.143.2.25,2022/01/22 15:39:27,200,1702,https://intranet.smith.russellmitchell.com/?p=5,GET,/wp-includes/js/comment-reply.min.js?ver=5.8.3,HTTP/1.1,"""Mozilla/5.0 (X11; Linux x86_64) AppleWebKit/537.36 (KHTML, like Gecko) HeadlessChrome/97.0.4692.71 Safari/537.36"""
582,10.143.2.25,2022/01/22 15:39:27,200,1120,https://intranet.smith.russellmitchell.com/?p=5,GET,/wp-includes/js/wp-embed.min.js?ver=5.8.3,HTTP/1.1,"""Mozilla/5.0 (X11; Linux x86_64) AppleWebKit/537.36 (KHTML, like Gecko) HeadlessChrome/97.0.4692.71 Safari/537.36"""
583,10.143.2.25,2022/01/22 15:39:27,200,71266,https://intranet.smith.russellmitchell.com/?p=5,GET,/wp-content/plugins/wpdiscuz/assets/js/wpdiscuz-combo.min.js?ver=7.0.4,HTTP/1.1,"""Mozilla/5.0 (X11; Linux x86_64) AppleWebKit/537.36 (KHTML, like Gecko) HeadlessChrome/97.0.4692.71 Safari/537.36"""
584,10.143.2.25,2022/01/22 15:39:47,408,3020,-,,,,"""-"""
585,::1,2022/01/22 15:39:49,200,110,-,OPTIONS,*,HTTP/1.0,"""Apache/2.4.29 (Ubuntu) OpenSSL/1.1.1 (internal dummy connection)"""
586,10.143.2.25,2022/01/22 15:42:38,200,4069,https://intranet.smith.russellmitchell.com/wp-content/plugins/wpdiscuz/themes/default/style.css?ver=7.0.4,GET,/wp-content/plugins/wpdiscuz/assets/img/loading.gif,HTTP/1.1,"""Mozilla/5.0 (X11; Linux x86_64) AppleWebKit/537.36 (KHTML, like Gecko) HeadlessChrome/97.0.4692.71 Safari/537.36"""
587,10.143.2.25,2022/01/22 15:42:38,200,5621,https://intranet.smith.russellmitchell.com/?p=5,POST,/wp-admin/admin-ajax.php,HTTP/1.1,"""Mozilla/5.0 (X11; Linux x86_64) AppleWebKit/537.36 (KHTML, like Gecko) HeadlessChrome/97.0.4692.71 Safari/537.36"""
588,10.143.2.25,2022/01/22 15:42:38,200,549,https://intranet.smith.russellmitchell.com/?p=5,POST,/wp-admin/admin-ajax.php,HTTP/1.1,"""Mozilla/5.0 (X11; Linux x86_64) AppleWebKit/537.36 (KHTML, like Gecko) HeadlessChrome/97.0.4692.71 Safari/537.36"""
589,10.143.2.25,2022/01/22 15:43:10,200,6202,-,GET,/,HTTP/1.1,"""Mozilla/5.0 (X11; Linux x86_64) AppleWebKit/537.36 (KHTML, like Gecko) HeadlessChrome/97.0.4692.71 Safari/537.36"""
590,10.143.2.25,2022/01/22 16:10:02,200,6202,-,GET,/,HTTP/1.1,"""Mozilla/5.0 (X11; Linux x86_64) AppleWebKit/537.36 (KHTML, like Gecko) HeadlessChrome/97.0.4692.71 Safari/537.36"""
591,10.143.2.4,2022/01/22 16:10:02,200,150,-,POST,/wp-cron.php?doing_wp_cron=1642867802.6464049816131591796875,HTTP/1.1,"""WordPress/5.8.3; https://intranet.smith.russellmitchell.com"""
592,10.143.2.25,2022/01/22 16:11:46,200,29147,-,GET,/?p=5,HTTP/1.1,"""Mozilla/5.0 (X11; Linux x86_64) AppleWebKit/537.36 (KHTML, like Gecko) HeadlessChrome/97.0.4692.71 Safari/537.36"""
593,10.143.2.25,2022/01/22 16:11:46,200,10934,https://intranet.smith.russellmitchell.com/?p=5,GET,/wp-includes/css/dist/block-library/style.min.css?ver=5.8.3,HTTP/1.1,"""Mozilla/5.0 (X11; Linux x86_64) AppleWebKit/537.36 (KHTML, like Gecko) HeadlessChrome/97.0.4692.71 Safari/537.36"""
594,10.143.2.25,2022/01/22 16:11:46,200,20302,https://intranet.smith.russellmitchell.com/?p=5,GET,/wp-content/plugins/wpdiscuz/themes/default/style.css?ver=7.0.4,HTTP/1.1,"""Mozilla/5.0 (X11; Linux x86_64) AppleWebKit/537.36 (KHTML, like Gecko) HeadlessChrome/97.0.4692.71 Safari/537.36"""
595,10.143.2.25,2022/01/22 16:11:46,200,3464,https://intranet.smith.russellmitchell.com/?p=5,GET,/wp-content/plugins/wpdiscuz/assets/third-party/font-awesome-5.13.0/css/fa.min.css?ver=7.0.4,HTTP/1.1,"""Mozilla/5.0 (X11; Linux x86_64) AppleWebKit/537.36 (KHTML, like Gecko) HeadlessChrome/97.0.4692.71 Safari/537.36"""
596,10.143.2.25,2022/01/22 16:11:46,200,9820,https://intranet.smith.russellmitchell.com/?p=5,GET,/wp-content/plugins/wpdiscuz/assets/css/wpdiscuz-combo.min.css?ver=5.8.3,HTTP/1.1,"""Mozilla/5.0 (X11; Linux x86_64) AppleWebKit/537.36 (KHTML, like Gecko) HeadlessChrome/97.0.4692.71 Safari/537.36"""
597,10.143.2.25,2022/01/22 16:11:46,200,2009,https://intranet.smith.russellmitchell.com/?p=5,GET,/wp-content/themes/go/dist/css/design-styles/style-traditional.min.css?ver=1.5.2,HTTP/1.1,"""Mozilla/5.0 (X11; Linux x86_64) AppleWebKit/537.36 (KHTML, like Gecko) HeadlessChrome/97.0.4692.71 Safari/537.36"""
598,10.143.2.25,2022/01/22 16:11:46,200,4570,https://intranet.smith.russellmitchell.com/?p=5,GET,/wp-includes/js/jquery/jquery-migrate.min.js?ver=3.3.2,HTTP/1.1,"""Mozilla/5.0 (X11; Linux x86_64) AppleWebKit/537.36 (KHTML, like Gecko) HeadlessChrome/97.0.4692.71 Safari/537.36"""
599,10.143.2.25,2022/01/22 16:11:46,200,31377,https://intranet.smith.russellmitchell.com/?p=5,GET,/wp-includes/js/jquery/jquery.min.js?ver=3.6.0,HTTP/1.1,"""Mozilla/5.0 (X11; Linux x86_64) AppleWebKit/537.36 (KHTML, like Gecko) HeadlessChrome/97.0.4692.71 Safari/537.36"""
600,10.143.2.25,2022/01/22 16:11:46,200,23889,https://intranet.smith.russellmitchell.com/?p=5,GET,/wp-content/themes/go/dist/css/style-shared.min.css?ver=1.5.2,HTTP/1.1,"""Mozilla/5.0 (X11; Linux x86_64) AppleWebKit/537.36 (KHTML, like Gecko) HeadlessChrome/97.0.4692.71 Safari/537.36"""
601,10.143.2.25,2022/01/22 16:11:46,200,5331,https://intranet.smith.russellmitchell.com/?p=5,GET,/wp-includes/js/wp-emoji-release.min.js?ver=5.8.3,HTTP/1.1,"""Mozilla/5.0 (X11; Linux x86_64) AppleWebKit/537.36 (KHTML, like Gecko) HeadlessChrome/97.0.4692.71 Safari/537.36"""
602,10.143.2.25,2022/01/22 16:11:46,200,13874,https://intranet.smith.russellmitchell.com/wp-content/plugins/wpdiscuz/assets/third-party/font-awesome-5.13.0/css/fa.min.css?ver=7.0.4,GET,/wp-content/plugins/wpdiscuz/assets/third-party/font-awesome-5.13.0/webfonts/fa-regular-400.woff2,HTTP/1.1,"""Mozilla/5.0 (X11; Linux x86_64) AppleWebKit/537.36 (KHTML, like Gecko) HeadlessChrome/97.0.4692.71 Safari/537.36"""
603,10.143.2.25,2022/01/22 16:11:46,200,18908,https://intranet.smith.russellmitchell.com/wp-content/plugins/wpdiscuz/themes/default/style.css?ver=7.0.4,GET,/wp-content/plugins/wpdiscuz/themes/default/css/fonts/sqr721c-webfont.woff2,HTTP/1.1,"""Mozilla/5.0 (X11; Linux x86_64) AppleWebKit/537.36 (KHTML, like Gecko) HeadlessChrome/97.0.4692.71 Safari/537.36"""
604,10.143.2.25,2022/01/22 16:11:46,200,79823,https://intranet.smith.russellmitchell.com/wp-content/plugins/wpdiscuz/assets/third-party/font-awesome-5.13.0/css/fa.min.css?ver=7.0.4,GET,/wp-content/plugins/wpdiscuz/assets/third-party/font-awesome-5.13.0/webfonts/fa-solid-900.woff2,HTTP/1.1,"""Mozilla/5.0 (X11; Linux x86_64) AppleWebKit/537.36 (KHTML, like Gecko) HeadlessChrome/97.0.4692.71 Safari/537.36"""
605,10.143.2.25,2022/01/22 16:11:46,200,76991,https://intranet.smith.russellmitchell.com/wp-content/plugins/wpdiscuz/assets/third-party/font-awesome-5.13.0/css/fa.min.css?ver=7.0.4,GET,/wp-content/plugins/wpdiscuz/assets/third-party/font-awesome-5.13.0/webfonts/fa-brands-400.woff2,HTTP/1.1,"""Mozilla/5.0 (X11; Linux x86_64) AppleWebKit/537.36 (KHTML, like Gecko) HeadlessChrome/97.0.4692.71 Safari/537.36"""
606,10.143.2.25,2022/01/22 16:11:46,200,1120,https://intranet.smith.russellmitchell.com/?p=5,GET,/wp-includes/js/wp-embed.min.js?ver=5.8.3,HTTP/1.1,"""Mozilla/5.0 (X11; Linux x86_64) AppleWebKit/537.36 (KHTML, like Gecko) HeadlessChrome/97.0.4692.71 Safari/537.36"""
607,10.143.2.25,2022/01/22 16:11:46,200,1702,https://intranet.smith.russellmitchell.com/?p=5,GET,/wp-includes/js/comment-reply.min.js?ver=5.8.3,HTTP/1.1,"""Mozilla/5.0 (X11; Linux x86_64) AppleWebKit/537.36 (KHTML, like Gecko) HeadlessChrome/97.0.4692.71 Safari/537.36"""
608,10.143.2.25,2022/01/22 16:11:46,200,2981,https://intranet.smith.russellmitchell.com/?p=5,GET,/wp-content/themes/go/dist/js/frontend.min.js?ver=1.5.2,HTTP/1.1,"""Mozilla/5.0 (X11; Linux x86_64) AppleWebKit/537.36 (KHTML, like Gecko) HeadlessChrome/97.0.4692.71 Safari/537.36"""
609,10.143.2.25,2022/01/22 16:11:46,200,71266,https://intranet.smith.russellmitchell.com/?p=5,GET,/wp-content/plugins/wpdiscuz/assets/js/wpdiscuz-combo.min.js?ver=7.0.4,HTTP/1.1,"""Mozilla/5.0 (X11; Linux x86_64) AppleWebKit/537.36 (KHTML, like Gecko) HeadlessChrome/97.0.4692.71 Safari/537.36"""
610,::1,2022/01/22 16:11:54,200,110,-,OPTIONS,*,HTTP/1.0,"""Apache/2.4.29 (Ubuntu) OpenSSL/1.1.1 (internal dummy connection)"""
611,10.143.2.25,2022/01/22 16:17:26,200,6514,https://intranet.smith.russellmitchell.com/wp-content/plugins/wpdiscuz/themes/default/style.css?ver=7.0.4,GET,/wp-content/plugins/wpdiscuz/assets/img/loading.gif,HTTP/1.1,"""Mozilla/5.0 (X11; Linux x86_64) AppleWebKit/537.36 (KHTML, like Gecko) HeadlessChrome/97.0.4692.71 Safari/537.36"""
612,10.143.2.25,2022/01/22 16:17:26,200,3682,https://intranet.smith.russellmitchell.com/?p=5,POST,/wp-admin/admin-ajax.php,HTTP/1.1,"""Mozilla/5.0 (X11; Linux x86_64) AppleWebKit/537.36 (KHTML, like Gecko) HeadlessChrome/97.0.4692.71 Safari/537.36"""
613,10.143.2.25,2022/01/22 16:18:16,200,5621,https://intranet.smith.russellmitchell.com/?p=5,POST,/wp-admin/admin-ajax.php,HTTP/1.1,"""Mozilla/5.0 (X11; Linux x86_64) AppleWebKit/537.36 (KHTML, like Gecko) HeadlessChrome/97.0.4692.71 Safari/537.36"""
614,10.143.2.25,2022/01/22 16:18:16,200,549,https://intranet.smith.russellmitchell.com/?p=5,POST,/wp-admin/admin-ajax.php,HTTP/1.1,"""Mozilla/5.0 (X11; Linux x86_64) AppleWebKit/537.36 (KHTML, like Gecko) HeadlessChrome/97.0.4692.71 Safari/537.36"""
615,10.143.2.25,2022/01/22 16:19:05,200,6203,-,GET,/,HTTP/1.1,"""Mozilla/5.0 (X11; Linux x86_64) AppleWebKit/537.36 (KHTML, like Gecko) HeadlessChrome/97.0.4692.71 Safari/537.36"""
616,10.143.2.25,2022/01/22 16:22:39,200,26694,-,GET,/?p=5,HTTP/1.1,"""Mozilla/5.0 (X11; Linux x86_64) AppleWebKit/537.36 (KHTML, like Gecko) HeadlessChrome/97.0.4692.71 Safari/537.36"""
617,10.143.2.25,2022/01/22 16:22:40,200,3464,https://intranet.smith.russellmitchell.com/?p=5,GET,/wp-content/plugins/wpdiscuz/assets/third-party/font-awesome-5.13.0/css/fa.min.css?ver=7.0.4,HTTP/1.1,"""Mozilla/5.0 (X11; Linux x86_64) AppleWebKit/537.36 (KHTML, like Gecko) HeadlessChrome/97.0.4692.71 Safari/537.36"""
618,10.143.2.25,2022/01/22 16:22:40,200,6799,https://intranet.smith.russellmitchell.com/?p=5,GET,/wp-content/plugins/wpdiscuz/assets/css/wpdiscuz-combo.min.css?ver=5.8.3,HTTP/1.1,"""Mozilla/5.0 (X11; Linux x86_64) AppleWebKit/537.36 (KHTML, like Gecko) HeadlessChrome/97.0.4692.71 Safari/537.36"""
619,10.143.2.25,2022/01/22 16:22:40,200,10934,https://intranet.smith.russellmitchell.com/?p=5,GET,/wp-includes/css/dist/block-library/style.min.css?ver=5.8.3,HTTP/1.1,"""Mozilla/5.0 (X11; Linux x86_64) AppleWebKit/537.36 (KHTML, like Gecko) HeadlessChrome/97.0.4692.71 Safari/537.36"""
620,10.143.2.25,2022/01/22 16:22:40,200,1433,https://intranet.smith.russellmitchell.com/?p=5,GET,/wp-content/themes/go/dist/css/design-styles/style-traditional.min.css?ver=1.5.2,HTTP/1.1,"""Mozilla/5.0 (X11; Linux x86_64) AppleWebKit/537.36 (KHTML, like Gecko) HeadlessChrome/97.0.4692.71 Safari/537.36"""
621,10.143.2.25,2022/01/22 16:22:40,200,20302,https://intranet.smith.russellmitchell.com/?p=5,GET,/wp-content/plugins/wpdiscuz/themes/default/style.css?ver=7.0.4,HTTP/1.1,"""Mozilla/5.0 (X11; Linux x86_64) AppleWebKit/537.36 (KHTML, like Gecko) HeadlessChrome/97.0.4692.71 Safari/537.36"""
622,10.143.2.25,2022/01/22 16:22:40,200,4570,https://intranet.smith.russellmitchell.com/?p=5,GET,/wp-includes/js/jquery/jquery-migrate.min.js?ver=3.3.2,HTTP/1.1,"""Mozilla/5.0 (X11; Linux x86_64) AppleWebKit/537.36 (KHTML, like Gecko) HeadlessChrome/97.0.4692.71 Safari/537.36"""
623,10.143.2.25,2022/01/22 16:22:40,200,23313,https://intranet.smith.russellmitchell.com/?p=5,GET,/wp-content/themes/go/dist/css/style-shared.min.css?ver=1.5.2,HTTP/1.1,"""Mozilla/5.0 (X11; Linux x86_64) AppleWebKit/537.36 (KHTML, like Gecko) HeadlessChrome/97.0.4692.71 Safari/537.36"""
624,10.143.2.25,2022/01/22 16:22:40,200,31377,https://intranet.smith.russellmitchell.com/?p=5,GET,/wp-includes/js/jquery/jquery.min.js?ver=3.6.0,HTTP/1.1,"""Mozilla/5.0 (X11; Linux x86_64) AppleWebKit/537.36 (KHTML, like Gecko) HeadlessChrome/97.0.4692.71 Safari/537.36"""
625,10.143.2.25,2022/01/22 16:22:40,200,5331,https://intranet.smith.russellmitchell.com/?p=5,GET,/wp-includes/js/wp-emoji-release.min.js?ver=5.8.3,HTTP/1.1,"""Mozilla/5.0 (X11; Linux x86_64) AppleWebKit/537.36 (KHTML, like Gecko) HeadlessChrome/97.0.4692.71 Safari/537.36"""
626,10.143.2.25,2022/01/22 16:22:40,200,18908,https://intranet.smith.russellmitchell.com/wp-content/plugins/wpdiscuz/themes/default/style.css?ver=7.0.4,GET,/wp-content/plugins/wpdiscuz/themes/default/css/fonts/sqr721c-webfont.woff2,HTTP/1.1,"""Mozilla/5.0 (X11; Linux x86_64) AppleWebKit/537.36 (KHTML, like Gecko) HeadlessChrome/97.0.4692.71 Safari/537.36"""
627,10.143.2.25,2022/01/22 16:22:40,200,13874,https://intranet.smith.russellmitchell.com/wp-content/plugins/wpdiscuz/assets/third-party/font-awesome-5.13.0/css/fa.min.css?ver=7.0.4,GET,/wp-content/plugins/wpdiscuz/assets/third-party/font-awesome-5.13.0/webfonts/fa-regular-400.woff2,HTTP/1.1,"""Mozilla/5.0 (X11; Linux x86_64) AppleWebKit/537.36 (KHTML, like Gecko) HeadlessChrome/97.0.4692.71 Safari/537.36"""
628,10.143.2.25,2022/01/22 16:22:40,200,79823,https://intranet.smith.russellmitchell.com/wp-content/plugins/wpdiscuz/assets/third-party/font-awesome-5.13.0/css/fa.min.css?ver=7.0.4,GET,/wp-content/plugins/wpdiscuz/assets/third-party/font-awesome-5.13.0/webfonts/fa-solid-900.woff2,HTTP/1.1,"""Mozilla/5.0 (X11; Linux x86_64) AppleWebKit/537.36 (KHTML, like Gecko) HeadlessChrome/97.0.4692.71 Safari/537.36"""
629,10.143.2.25,2022/01/22 16:22:40,200,76991,https://intranet.smith.russellmitchell.com/wp-content/plugins/wpdiscuz/assets/third-party/font-awesome-5.13.0/css/fa.min.css?ver=7.0.4,GET,/wp-content/plugins/wpdiscuz/assets/third-party/font-awesome-5.13.0/webfonts/fa-brands-400.woff2,HTTP/1.1,"""Mozilla/5.0 (X11; Linux x86_64) AppleWebKit/537.36 (KHTML, like Gecko) HeadlessChrome/97.0.4692.71 Safari/537.36"""
630,10.143.2.25,2022/01/22 16:22:40,200,1702,https://intranet.smith.russellmitchell.com/?p=5,GET,/wp-includes/js/comment-reply.min.js?ver=5.8.3,HTTP/1.1,"""Mozilla/5.0 (X11; Linux x86_64) AppleWebKit/537.36 (KHTML, like Gecko) HeadlessChrome/97.0.4692.71 Safari/537.36"""
631,10.143.2.25,2022/01/22 16:22:40,200,2981,https://intranet.smith.russellmitchell.com/?p=5,GET,/wp-content/themes/go/dist/js/frontend.min.js?ver=1.5.2,HTTP/1.1,"""Mozilla/5.0 (X11; Linux x86_64) AppleWebKit/537.36 (KHTML, like Gecko) HeadlessChrome/97.0.4692.71 Safari/537.36"""
632,10.143.2.25,2022/01/22 16:22:40,200,4141,https://intranet.smith.russellmitchell.com/?p=5,GET,/wp-includes/js/wp-embed.min.js?ver=5.8.3,HTTP/1.1,"""Mozilla/5.0 (X11; Linux x86_64) AppleWebKit/537.36 (KHTML, like Gecko) HeadlessChrome/97.0.4692.71 Safari/537.36"""
633,10.143.2.25,2022/01/22 16:22:40,200,71266,https://intranet.smith.russellmitchell.com/?p=5,GET,/wp-content/plugins/wpdiscuz/assets/js/wpdiscuz-combo.min.js?ver=7.0.4,HTTP/1.1,"""Mozilla/5.0 (X11; Linux x86_64) AppleWebKit/537.36 (KHTML, like Gecko) HeadlessChrome/97.0.4692.71 Safari/537.36"""
634,10.143.2.25,2022/01/22 16:23:00,408,3020,-,,,,"""-"""
635,10.143.2.25,2022/01/22 16:23:00,408,3020,-,,,,"""-"""
636,::1,2022/01/22 16:23:02,200,110,-,OPTIONS,*,HTTP/1.0,"""Apache/2.4.29 (Ubuntu) OpenSSL/1.1.1 (internal dummy connection)"""
637,10.143.2.25,2022/01/22 16:26:33,200,6203,-,GET,/,HTTP/1.1,"""Mozilla/5.0 (X11; Linux x86_64) AppleWebKit/537.36 (KHTML, like Gecko) HeadlessChrome/97.0.4692.71 Safari/537.36"""
638,10.143.2.4,2022/01/22 16:26:33,200,150,-,POST,/wp-cron.php?doing_wp_cron=1642868793.3863410949707031250000,HTTP/1.1,"""WordPress/5.8.3; https://intranet.smith.russellmitchell.com"""
639,172.19.131.174,2022/01/22 16:28:28,200,6203,-,GET,/,HTTP/1.1,"""Mozilla/5.0 (X11; Linux x86_64) AppleWebKit/537.36 (KHTML, like Gecko) HeadlessChrome/97.0.4692.71 Safari/537.36"""
640,172.19.131.174,2022/01/22 16:28:28,200,10846,http://intranet.smith.russellmitchell.com/,GET,/wp-includes/css/dist/block-library/style.min.css?ver=5.8.3,HTTP/1.1,"""Mozilla/5.0 (X11; Linux x86_64) AppleWebKit/537.36 (KHTML, like Gecko) HeadlessChrome/97.0.4692.71 Safari/537.36"""
641,172.19.131.174,2022/01/22 16:28:28,200,23204,http://intranet.smith.russellmitchell.com/,GET,/wp-content/themes/go/dist/css/style-shared.min.css?ver=1.5.2,HTTP/1.1,"""Mozilla/5.0 (X11; Linux x86_64) AppleWebKit/537.36 (KHTML, like Gecko) HeadlessChrome/97.0.4692.71 Safari/537.36"""
642,172.19.131.174,2022/01/22 16:28:28,200,1412,http://intranet.smith.russellmitchell.com/,GET,/wp-content/themes/go/dist/css/design-styles/style-traditional.min.css?ver=1.5.2,HTTP/1.1,"""Mozilla/5.0 (X11; Linux x86_64) AppleWebKit/537.36 (KHTML, like Gecko) HeadlessChrome/97.0.4692.71 Safari/537.36"""
643,172.19.131.174,2022/01/22 16:28:28,200,2915,http://intranet.smith.russellmitchell.com/,GET,/wp-content/themes/go/dist/js/frontend.min.js?ver=1.5.2,HTTP/1.1,"""Mozilla/5.0 (X11; Linux x86_64) AppleWebKit/537.36 (KHTML, like Gecko) HeadlessChrome/97.0.4692.71 Safari/537.36"""
644,172.19.131.174,2022/01/22 16:28:28,200,1099,http://intranet.smith.russellmitchell.com/,GET,/wp-includes/js/wp-embed.min.js?ver=5.8.3,HTTP/1.1,"""Mozilla/5.0 (X11; Linux x86_64) AppleWebKit/537.36 (KHTML, like Gecko) HeadlessChrome/97.0.4692.71 Safari/537.36"""
645,172.19.131.174,2022/01/22 16:28:28,200,5265,http://intranet.smith.russellmitchell.com/,GET,/wp-includes/js/wp-emoji-release.min.js?ver=5.8.3,HTTP/1.1,"""Mozilla/5.0 (X11; Linux x86_64) AppleWebKit/537.36 (KHTML, like Gecko) HeadlessChrome/97.0.4692.71 Safari/537.36"""
646,10.143.3.65,2022/01/22 16:38:47,200,6203,-,GET,/,HTTP/1.1,"""Mozilla/5.0 (X11; Ubuntu; Linux x86_64; rv:86.0) Gecko/20100101 Firefox/86.0"""
647,172.19.131.174,2022/01/22 17:19:59,200,6203,-,GET,/,HTTP/1.1,"""Mozilla/5.0 (X11; Ubuntu; Linux x86_64; rv:86.0) Gecko/20100101 Firefox/86.0"""
648,172.19.131.174,2022/01/22 17:19:59,200,23203,http://intranet.smith.russellmitchell.com/,GET,/wp-content/themes/go/dist/css/style-shared.min.css?ver=1.5.2,HTTP/1.1,"""Mozilla/5.0 (X11; Ubuntu; Linux x86_64; rv:86.0) Gecko/20100101 Firefox/86.0"""
649,172.19.131.174,2022/01/22 17:24:11,200,29113,-,GET,/?p=5,HTTP/1.1,"""Mozilla/5.0 (X11; Ubuntu; Linux x86_64; rv:86.0) Gecko/20100101 Firefox/86.0"""
650,172.19.131.174,2022/01/22 17:24:11,200,10934,https://intranet.smith.russellmitchell.com/?p=5,GET,/wp-includes/css/dist/block-library/style.min.css?ver=5.8.3,HTTP/1.1,"""Mozilla/5.0 (X11; Ubuntu; Linux x86_64; rv:86.0) Gecko/20100101 Firefox/86.0"""
651,172.19.131.174,2022/01/22 17:24:11,200,19726,https://intranet.smith.russellmitchell.com/?p=5,GET,/wp-content/plugins/wpdiscuz/themes/default/style.css?ver=7.0.4,HTTP/1.1,"""Mozilla/5.0 (X11; Ubuntu; Linux x86_64; rv:86.0) Gecko/20100101 Firefox/86.0"""
652,172.19.131.174,2022/01/22 17:24:11,200,2888,https://intranet.smith.russellmitchell.com/?p=5,GET,/wp-content/plugins/wpdiscuz/assets/third-party/font-awesome-5.13.0/css/fa.min.css?ver=7.0.4,HTTP/1.1,"""Mozilla/5.0 (X11; Ubuntu; Linux x86_64; rv:86.0) Gecko/20100101 Firefox/86.0"""
653,172.19.131.174,2022/01/22 17:24:11,200,7375,https://intranet.smith.russellmitchell.com/?p=5,GET,/wp-content/plugins/wpdiscuz/assets/css/wpdiscuz-combo.min.css?ver=5.8.3,HTTP/1.1,"""Mozilla/5.0 (X11; Ubuntu; Linux x86_64; rv:86.0) Gecko/20100101 Firefox/86.0"""
654,172.19.131.174,2022/01/22 17:24:11,200,1433,https://intranet.smith.russellmitchell.com/?p=5,GET,/wp-content/themes/go/dist/css/design-styles/style-traditional.min.css?ver=1.5.2,HTTP/1.1,"""Mozilla/5.0 (X11; Ubuntu; Linux x86_64; rv:86.0) Gecko/20100101 Firefox/86.0"""
655,172.19.131.174,2022/01/22 17:24:11,200,5146,https://intranet.smith.russellmitchell.com/?p=5,GET,/wp-includes/js/jquery/jquery-migrate.min.js?ver=3.3.2,HTTP/1.1,"""Mozilla/5.0 (X11; Ubuntu; Linux x86_64; rv:86.0) Gecko/20100101 Firefox/86.0"""
656,172.19.131.174,2022/01/22 17:24:11,200,5907,https://intranet.smith.russellmitchell.com/?p=5,GET,/wp-includes/js/wp-emoji-release.min.js?ver=5.8.3,HTTP/1.1,"""Mozilla/5.0 (X11; Ubuntu; Linux x86_64; rv:86.0) Gecko/20100101 Firefox/86.0"""
657,172.19.131.174,2022/01/22 17:24:11,200,2981,https://intranet.smith.russellmitchell.com/?p=5,GET,/wp-content/themes/go/dist/js/frontend.min.js?ver=1.5.2,HTTP/1.1,"""Mozilla/5.0 (X11; Ubuntu; Linux x86_64; rv:86.0) Gecko/20100101 Firefox/86.0"""
658,172.19.131.174,2022/01/22 17:24:11,200,1702,https://intranet.smith.russellmitchell.com/?p=5,GET,/wp-includes/js/comment-reply.min.js?ver=5.8.3,HTTP/1.1,"""Mozilla/5.0 (X11; Ubuntu; Linux x86_64; rv:86.0) Gecko/20100101 Firefox/86.0"""
659,172.19.131.174,2022/01/22 17:24:11,200,1120,https://intranet.smith.russellmitchell.com/?p=5,GET,/wp-includes/js/wp-embed.min.js?ver=5.8.3,HTTP/1.1,"""Mozilla/5.0 (X11; Ubuntu; Linux x86_64; rv:86.0) Gecko/20100101 Firefox/86.0"""
660,172.19.131.174,2022/01/22 17:24:11,200,23889,https://intranet.smith.russellmitchell.com/?p=5,GET,/wp-content/themes/go/dist/css/style-shared.min.css?ver=1.5.2,HTTP/1.1,"""Mozilla/5.0 (X11; Ubuntu; Linux x86_64; rv:86.0) Gecko/20100101 Firefox/86.0"""
661,172.19.131.174,2022/01/22 17:24:11,200,31953,https://intranet.smith.russellmitchell.com/?p=5,GET,/wp-includes/js/jquery/jquery.min.js?ver=3.6.0,HTTP/1.1,"""Mozilla/5.0 (X11; Ubuntu; Linux x86_64; rv:86.0) Gecko/20100101 Firefox/86.0"""
662,172.19.131.174,2022/01/22 17:24:11,200,71266,https://intranet.smith.russellmitchell.com/?p=5,GET,/wp-content/plugins/wpdiscuz/assets/js/wpdiscuz-combo.min.js?ver=7.0.4,HTTP/1.1,"""Mozilla/5.0 (X11; Ubuntu; Linux x86_64; rv:86.0) Gecko/20100101 Firefox/86.0"""
663,172.19.131.174,2022/01/22 17:24:11,200,18908,https://intranet.smith.russellmitchell.com/wp-content/plugins/wpdiscuz/themes/default/style.css?ver=7.0.4,GET,/wp-content/plugins/wpdiscuz/themes/default/css/fonts/sqr721c-webfont.woff2,HTTP/1.1,"""Mozilla/5.0 (X11; Ubuntu; Linux x86_64; rv:86.0) Gecko/20100101 Firefox/86.0"""
664,172.19.131.174,2022/01/22 17:24:11,200,13874,https://intranet.smith.russellmitchell.com/wp-content/plugins/wpdiscuz/assets/third-party/font-awesome-5.13.0/css/fa.min.css?ver=7.0.4,GET,/wp-content/plugins/wpdiscuz/assets/third-party/font-awesome-5.13.0/webfonts/fa-regular-400.woff2,HTTP/1.1,"""Mozilla/5.0 (X11; Ubuntu; Linux x86_64; rv:86.0) Gecko/20100101 Firefox/86.0"""
665,172.19.131.174,2022/01/22 17:24:11,200,79823,https://intranet.smith.russellmitchell.com/wp-content/plugins/wpdiscuz/assets/third-party/font-awesome-5.13.0/css/fa.min.css?ver=7.0.4,GET,/wp-content/plugins/wpdiscuz/assets/third-party/font-awesome-5.13.0/webfonts/fa-solid-900.woff2,HTTP/1.1,"""Mozilla/5.0 (X11; Ubuntu; Linux x86_64; rv:86.0) Gecko/20100101 Firefox/86.0"""
666,172.19.131.174,2022/01/22 17:24:11,200,76991,https://intranet.smith.russellmitchell.com/wp-content/plugins/wpdiscuz/assets/third-party/font-awesome-5.13.0/css/fa.min.css?ver=7.0.4,GET,/wp-content/plugins/wpdiscuz/assets/third-party/font-awesome-5.13.0/webfonts/fa-brands-400.woff2,HTTP/1.1,"""Mozilla/5.0 (X11; Ubuntu; Linux x86_64; rv:86.0) Gecko/20100101 Firefox/86.0"""
667,172.19.131.174,2022/01/22 17:24:11,404,418,https://intranet.smith.russellmitchell.com/?p=5,GET,/favicon.ico,HTTP/1.1,"""Mozilla/5.0 (X11; Ubuntu; Linux x86_64; rv:86.0) Gecko/20100101 Firefox/86.0"""
668,::1,2022/01/22 17:24:17,200,110,-,OPTIONS,*,HTTP/1.0,"""Apache/2.4.29 (Ubuntu) OpenSSL/1.1.1 (internal dummy connection)"""
669,172.19.131.174,2022/01/22 17:27:18,200,4069,https://intranet.smith.russellmitchell.com/wp-content/plugins/wpdiscuz/themes/default/style.css?ver=7.0.4,GET,/wp-content/plugins/wpdiscuz/assets/img/loading.gif,HTTP/1.1,"""Mozilla/5.0 (X11; Ubuntu; Linux x86_64; rv:86.0) Gecko/20100101 Firefox/86.0"""
670,172.19.131.174,2022/01/22 17:27:18,200,5555,https://intranet.smith.russellmitchell.com/?p=5,POST,/wp-admin/admin-ajax.php,HTTP/1.1,"""Mozilla/5.0 (X11; Ubuntu; Linux x86_64; rv:86.0) Gecko/20100101 Firefox/86.0"""
671,172.19.131.174,2022/01/22 17:27:18,200,549,https://intranet.smith.russellmitchell.com/?p=5,POST,/wp-admin/admin-ajax.php,HTTP/1.1,"""Mozilla/5.0 (X11; Ubuntu; Linux x86_64; rv:86.0) Gecko/20100101 Firefox/86.0"""
672,172.19.131.174,2022/01/22 17:27:42,200,6203,-,GET,/,HTTP/1.1,"""Mozilla/5.0 (X11; Ubuntu; Linux x86_64; rv:86.0) Gecko/20100101 Firefox/86.0"""
673,172.19.131.174,2022/01/22 17:36:43,200,6203,-,GET,/,HTTP/1.1,"""Mozilla/5.0 (X11; Linux x86_64) AppleWebKit/537.36 (KHTML, like Gecko) HeadlessChrome/97.0.4692.71 Safari/537.36"""
674,10.143.2.4,2022/01/22 17:36:44,200,150,-,POST,/wp-cron.php?doing_wp_cron=1642873004.0283250808715820312500,HTTP/1.1,"""WordPress/5.8.3; https://intranet.smith.russellmitchell.com"""
675,172.19.131.174,2022/01/22 17:36:44,200,1412,http://intranet.smith.russellmitchell.com/,GET,/wp-content/themes/go/dist/css/design-styles/style-traditional.min.css?ver=1.5.2,HTTP/1.1,"""Mozilla/5.0 (X11; Linux x86_64) AppleWebKit/537.36 (KHTML, like Gecko) HeadlessChrome/97.0.4692.71 Safari/537.36"""
676,172.19.131.174,2022/01/22 17:36:44,200,2916,http://intranet.smith.russellmitchell.com/,GET,/wp-content/themes/go/dist/js/frontend.min.js?ver=1.5.2,HTTP/1.1,"""Mozilla/5.0 (X11; Linux x86_64) AppleWebKit/537.36 (KHTML, like Gecko) HeadlessChrome/97.0.4692.71 Safari/537.36"""
677,172.19.131.174,2022/01/22 17:36:44,200,10846,http://intranet.smith.russellmitchell.com/,GET,/wp-includes/css/dist/block-library/style.min.css?ver=5.8.3,HTTP/1.1,"""Mozilla/5.0 (X11; Linux x86_64) AppleWebKit/537.36 (KHTML, like Gecko) HeadlessChrome/97.0.4692.71 Safari/537.36"""
678,172.19.131.174,2022/01/22 17:36:44,200,1099,http://intranet.smith.russellmitchell.com/,GET,/wp-includes/js/wp-embed.min.js?ver=5.8.3,HTTP/1.1,"""Mozilla/5.0 (X11; Linux x86_64) AppleWebKit/537.36 (KHTML, like Gecko) HeadlessChrome/97.0.4692.71 Safari/537.36"""
679,172.19.131.174,2022/01/22 17:36:44,200,23204,http://intranet.smith.russellmitchell.com/,GET,/wp-content/themes/go/dist/css/style-shared.min.css?ver=1.5.2,HTTP/1.1,"""Mozilla/5.0 (X11; Linux x86_64) AppleWebKit/537.36 (KHTML, like Gecko) HeadlessChrome/97.0.4692.71 Safari/537.36"""
680,172.19.131.174,2022/01/22 17:36:44,200,5265,http://intranet.smith.russellmitchell.com/,GET,/wp-includes/js/wp-emoji-release.min.js?ver=5.8.3,HTTP/1.1,"""Mozilla/5.0 (X11; Linux x86_64) AppleWebKit/537.36 (KHTML, like Gecko) HeadlessChrome/97.0.4692.71 Safari/537.36"""
681,172.19.131.174,2022/01/22 17:39:09,200,29122,-,GET,/?p=5,HTTP/1.1,"""Mozilla/5.0 (X11; Linux x86_64) AppleWebKit/537.36 (KHTML, like Gecko) HeadlessChrome/97.0.4692.71 Safari/537.36"""
682,172.19.131.174,2022/01/22 17:39:09,200,10934,https://intranet.smith.russellmitchell.com/?p=5,GET,/wp-includes/css/dist/block-library/style.min.css?ver=5.8.3,HTTP/1.1,"""Mozilla/5.0 (X11; Linux x86_64) AppleWebKit/537.36 (KHTML, like Gecko) HeadlessChrome/97.0.4692.71 Safari/537.36"""
683,172.19.131.174,2022/01/22 17:39:09,200,3464,https://intranet.smith.russellmitchell.com/?p=5,GET,/wp-content/plugins/wpdiscuz/assets/third-party/font-awesome-5.13.0/css/fa.min.css?ver=7.0.4,HTTP/1.1,"""Mozilla/5.0 (X11; Linux x86_64) AppleWebKit/537.36 (KHTML, like Gecko) HeadlessChrome/97.0.4692.71 Safari/537.36"""
684,172.19.131.174,2022/01/22 17:39:09,200,20302,https://intranet.smith.russellmitchell.com/?p=5,GET,/wp-content/plugins/wpdiscuz/themes/default/style.css?ver=7.0.4,HTTP/1.1,"""Mozilla/5.0 (X11; Linux x86_64) AppleWebKit/537.36 (KHTML, like Gecko) HeadlessChrome/97.0.4692.71 Safari/537.36"""
685,172.19.131.174,2022/01/22 17:39:09,200,2009,https://intranet.smith.russellmitchell.com/?p=5,GET,/wp-content/themes/go/dist/css/design-styles/style-traditional.min.css?ver=1.5.2,HTTP/1.1,"""Mozilla/5.0 (X11; Linux x86_64) AppleWebKit/537.36 (KHTML, like Gecko) HeadlessChrome/97.0.4692.71 Safari/537.36"""
686,172.19.131.174,2022/01/22 17:39:09,200,4570,https://intranet.smith.russellmitchell.com/?p=5,GET,/wp-includes/js/jquery/jquery-migrate.min.js?ver=3.3.2,HTTP/1.1,"""Mozilla/5.0 (X11; Linux x86_64) AppleWebKit/537.36 (KHTML, like Gecko) HeadlessChrome/97.0.4692.71 Safari/537.36"""
687,172.19.131.174,2022/01/22 17:39:09,200,9820,https://intranet.smith.russellmitchell.com/?p=5,GET,/wp-content/plugins/wpdiscuz/assets/css/wpdiscuz-combo.min.css?ver=5.8.3,HTTP/1.1,"""Mozilla/5.0 (X11; Linux x86_64) AppleWebKit/537.36 (KHTML, like Gecko) HeadlessChrome/97.0.4692.71 Safari/537.36"""
688,172.19.131.174,2022/01/22 17:39:09,200,31377,https://intranet.smith.russellmitchell.com/?p=5,GET,/wp-includes/js/jquery/jquery.min.js?ver=3.6.0,HTTP/1.1,"""Mozilla/5.0 (X11; Linux x86_64) AppleWebKit/537.36 (KHTML, like Gecko) HeadlessChrome/97.0.4692.71 Safari/537.36"""
689,172.19.131.174,2022/01/22 17:39:09,200,23889,https://intranet.smith.russellmitchell.com/?p=5,GET,/wp-content/themes/go/dist/css/style-shared.min.css?ver=1.5.2,HTTP/1.1,"""Mozilla/5.0 (X11; Linux x86_64) AppleWebKit/537.36 (KHTML, like Gecko) HeadlessChrome/97.0.4692.71 Safari/537.36"""
690,172.19.131.174,2022/01/22 17:39:10,200,5331,https://intranet.smith.russellmitchell.com/?p=5,GET,/wp-includes/js/wp-emoji-release.min.js?ver=5.8.3,HTTP/1.1,"""Mozilla/5.0 (X11; Linux x86_64) AppleWebKit/537.36 (KHTML, like Gecko) HeadlessChrome/97.0.4692.71 Safari/537.36"""
691,172.19.131.174,2022/01/22 17:39:10,200,13874,https://intranet.smith.russellmitchell.com/wp-content/plugins/wpdiscuz/assets/third-party/font-awesome-5.13.0/css/fa.min.css?ver=7.0.4,GET,/wp-content/plugins/wpdiscuz/assets/third-party/font-awesome-5.13.0/webfonts/fa-regular-400.woff2,HTTP/1.1,"""Mozilla/5.0 (X11; Linux x86_64) AppleWebKit/537.36 (KHTML, like Gecko) HeadlessChrome/97.0.4692.71 Safari/537.36"""
692,172.19.131.174,2022/01/22 17:39:10,200,79823,https://intranet.smith.russellmitchell.com/wp-content/plugins/wpdiscuz/assets/third-party/font-awesome-5.13.0/css/fa.min.css?ver=7.0.4,GET,/wp-content/plugins/wpdiscuz/assets/third-party/font-awesome-5.13.0/webfonts/fa-solid-900.woff2,HTTP/1.1,"""Mozilla/5.0 (X11; Linux x86_64) AppleWebKit/537.36 (KHTML, like Gecko) HeadlessChrome/97.0.4692.71 Safari/537.36"""
693,172.19.131.174,2022/01/22 17:39:10,200,18908,https://intranet.smith.russellmitchell.com/wp-content/plugins/wpdiscuz/themes/default/style.css?ver=7.0.4,GET,/wp-content/plugins/wpdiscuz/themes/default/css/fonts/sqr721c-webfont.woff2,HTTP/1.1,"""Mozilla/5.0 (X11; Linux x86_64) AppleWebKit/537.36 (KHTML, like Gecko) HeadlessChrome/97.0.4692.71 Safari/537.36"""
694,172.19.131.174,2022/01/22 17:39:10,200,76991,https://intranet.smith.russellmitchell.com/wp-content/plugins/wpdiscuz/assets/third-party/font-awesome-5.13.0/css/fa.min.css?ver=7.0.4,GET,/wp-content/plugins/wpdiscuz/assets/third-party/font-awesome-5.13.0/webfonts/fa-brands-400.woff2,HTTP/1.1,"""Mozilla/5.0 (X11; Linux x86_64) AppleWebKit/537.36 (KHTML, like Gecko) HeadlessChrome/97.0.4692.71 Safari/537.36"""
695,172.19.131.174,2022/01/22 17:39:10,200,2981,https://intranet.smith.russellmitchell.com/?p=5,GET,/wp-content/themes/go/dist/js/frontend.min.js?ver=1.5.2,HTTP/1.1,"""Mozilla/5.0 (X11; Linux x86_64) AppleWebKit/537.36 (KHTML, like Gecko) HeadlessChrome/97.0.4692.71 Safari/537.36"""
696,172.19.131.174,2022/01/22 17:39:10,200,1702,https://intranet.smith.russellmitchell.com/?p=5,GET,/wp-includes/js/comment-reply.min.js?ver=5.8.3,HTTP/1.1,"""Mozilla/5.0 (X11; Linux x86_64) AppleWebKit/537.36 (KHTML, like Gecko) HeadlessChrome/97.0.4692.71 Safari/537.36"""
697,172.19.131.174,2022/01/22 17:39:10,200,1120,https://intranet.smith.russellmitchell.com/?p=5,GET,/wp-includes/js/wp-embed.min.js?ver=5.8.3,HTTP/1.1,"""Mozilla/5.0 (X11; Linux x86_64) AppleWebKit/537.36 (KHTML, like Gecko) HeadlessChrome/97.0.4692.71 Safari/537.36"""
698,172.19.131.174,2022/01/22 17:39:10,200,71266,https://intranet.smith.russellmitchell.com/?p=5,GET,/wp-content/plugins/wpdiscuz/assets/js/wpdiscuz-combo.min.js?ver=7.0.4,HTTP/1.1,"""Mozilla/5.0 (X11; Linux x86_64) AppleWebKit/537.36 (KHTML, like Gecko) HeadlessChrome/97.0.4692.71 Safari/537.36"""
699,::1,2022/01/22 17:39:17,200,110,-,OPTIONS,*,HTTP/1.0,"""Apache/2.4.29 (Ubuntu) OpenSSL/1.1.1 (internal dummy connection)"""
700,10.143.2.25,2022/01/22 17:40:57,200,6203,-,GET,/,HTTP/1.1,"""Mozilla/5.0 (X11; Linux x86_64) AppleWebKit/537.36 (KHTML, like Gecko) HeadlessChrome/97.0.4692.71 Safari/537.36"""
701,10.143.2.25,2022/01/22 17:43:18,200,29140,-,GET,/?p=5,HTTP/1.1,"""Mozilla/5.0 (X11; Linux x86_64) AppleWebKit/537.36 (KHTML, like Gecko) HeadlessChrome/97.0.4692.71 Safari/537.36"""
702,10.143.2.25,2022/01/22 17:43:18,200,7375,https://intranet.smith.russellmitchell.com/?p=5,GET,/wp-content/plugins/wpdiscuz/assets/css/wpdiscuz-combo.min.css?ver=5.8.3,HTTP/1.1,"""Mozilla/5.0 (X11; Linux x86_64) AppleWebKit/537.36 (KHTML, like Gecko) HeadlessChrome/97.0.4692.71 Safari/537.36"""
703,10.143.2.25,2022/01/22 17:43:18,200,3464,https://intranet.smith.russellmitchell.com/?p=5,GET,/wp-content/plugins/wpdiscuz/assets/third-party/font-awesome-5.13.0/css/fa.min.css?ver=7.0.4,HTTP/1.1,"""Mozilla/5.0 (X11; Linux x86_64) AppleWebKit/537.36 (KHTML, like Gecko) HeadlessChrome/97.0.4692.71 Safari/537.36"""
704,10.143.2.25,2022/01/22 17:43:18,200,1433,https://intranet.smith.russellmitchell.com/?p=5,GET,/wp-content/themes/go/dist/css/design-styles/style-traditional.min.css?ver=1.5.2,HTTP/1.1,"""Mozilla/5.0 (X11; Linux x86_64) AppleWebKit/537.36 (KHTML, like Gecko) HeadlessChrome/97.0.4692.71 Safari/537.36"""
705,10.143.2.25,2022/01/22 17:43:18,200,10934,https://intranet.smith.russellmitchell.com/?p=5,GET,/wp-includes/css/dist/block-library/style.min.css?ver=5.8.3,HTTP/1.1,"""Mozilla/5.0 (X11; Linux x86_64) AppleWebKit/537.36 (KHTML, like Gecko) HeadlessChrome/97.0.4692.71 Safari/537.36"""
706,10.143.2.25,2022/01/22 17:43:18,200,4570,https://intranet.smith.russellmitchell.com/?p=5,GET,/wp-includes/js/jquery/jquery-migrate.min.js?ver=3.3.2,HTTP/1.1,"""Mozilla/5.0 (X11; Linux x86_64) AppleWebKit/537.36 (KHTML, like Gecko) HeadlessChrome/97.0.4692.71 Safari/537.36"""
707,10.143.2.25,2022/01/22 17:43:18,200,20302,https://intranet.smith.russellmitchell.com/?p=5,GET,/wp-content/plugins/wpdiscuz/themes/default/style.css?ver=7.0.4,HTTP/1.1,"""Mozilla/5.0 (X11; Linux x86_64) AppleWebKit/537.36 (KHTML, like Gecko) HeadlessChrome/97.0.4692.71 Safari/537.36"""
708,10.143.2.25,2022/01/22 17:43:18,200,23313,https://intranet.smith.russellmitchell.com/?p=5,GET,/wp-content/themes/go/dist/css/style-shared.min.css?ver=1.5.2,HTTP/1.1,"""Mozilla/5.0 (X11; Linux x86_64) AppleWebKit/537.36 (KHTML, like Gecko) HeadlessChrome/97.0.4692.71 Safari/537.36"""
709,10.143.2.25,2022/01/22 17:43:18,200,31377,https://intranet.smith.russellmitchell.com/?p=5,GET,/wp-includes/js/jquery/jquery.min.js?ver=3.6.0,HTTP/1.1,"""Mozilla/5.0 (X11; Linux x86_64) AppleWebKit/537.36 (KHTML, like Gecko) HeadlessChrome/97.0.4692.71 Safari/537.36"""
710,10.143.2.25,2022/01/22 17:43:18,200,5331,https://intranet.smith.russellmitchell.com/?p=5,GET,/wp-includes/js/wp-emoji-release.min.js?ver=5.8.3,HTTP/1.1,"""Mozilla/5.0 (X11; Linux x86_64) AppleWebKit/537.36 (KHTML, like Gecko) HeadlessChrome/97.0.4692.71 Safari/537.36"""
711,10.143.2.25,2022/01/22 17:43:19,200,18908,https://intranet.smith.russellmitchell.com/wp-content/plugins/wpdiscuz/themes/default/style.css?ver=7.0.4,GET,/wp-content/plugins/wpdiscuz/themes/default/css/fonts/sqr721c-webfont.woff2,HTTP/1.1,"""Mozilla/5.0 (X11; Linux x86_64) AppleWebKit/537.36 (KHTML, like Gecko) HeadlessChrome/97.0.4692.71 Safari/537.36"""
712,10.143.2.25,2022/01/22 17:43:19,200,13874,https://intranet.smith.russellmitchell.com/wp-content/plugins/wpdiscuz/assets/third-party/font-awesome-5.13.0/css/fa.min.css?ver=7.0.4,GET,/wp-content/plugins/wpdiscuz/assets/third-party/font-awesome-5.13.0/webfonts/fa-regular-400.woff2,HTTP/1.1,"""Mozilla/5.0 (X11; Linux x86_64) AppleWebKit/537.36 (KHTML, like Gecko) HeadlessChrome/97.0.4692.71 Safari/537.36"""
713,10.143.2.25,2022/01/22 17:43:19,200,79823,https://intranet.smith.russellmitchell.com/wp-content/plugins/wpdiscuz/assets/third-party/font-awesome-5.13.0/css/fa.min.css?ver=7.0.4,GET,/wp-content/plugins/wpdiscuz/assets/third-party/font-awesome-5.13.0/webfonts/fa-solid-900.woff2,HTTP/1.1,"""Mozilla/5.0 (X11; Linux x86_64) AppleWebKit/537.36 (KHTML, like Gecko) HeadlessChrome/97.0.4692.71 Safari/537.36"""
714,10.143.2.25,2022/01/22 17:43:19,200,76991,https://intranet.smith.russellmitchell.com/wp-content/plugins/wpdiscuz/assets/third-party/font-awesome-5.13.0/css/fa.min.css?ver=7.0.4,GET,/wp-content/plugins/wpdiscuz/assets/third-party/font-awesome-5.13.0/webfonts/fa-brands-400.woff2,HTTP/1.1,"""Mozilla/5.0 (X11; Linux x86_64) AppleWebKit/537.36 (KHTML, like Gecko) HeadlessChrome/97.0.4692.71 Safari/537.36"""
715,10.143.2.25,2022/01/22 17:43:19,200,2981,https://intranet.smith.russellmitchell.com/?p=5,GET,/wp-content/themes/go/dist/js/frontend.min.js?ver=1.5.2,HTTP/1.1,"""Mozilla/5.0 (X11; Linux x86_64) AppleWebKit/537.36 (KHTML, like Gecko) HeadlessChrome/97.0.4692.71 Safari/537.36"""
716,10.143.2.25,2022/01/22 17:43:19,200,1702,https://intranet.smith.russellmitchell.com/?p=5,GET,/wp-includes/js/comment-reply.min.js?ver=5.8.3,HTTP/1.1,"""Mozilla/5.0 (X11; Linux x86_64) AppleWebKit/537.36 (KHTML, like Gecko) HeadlessChrome/97.0.4692.71 Safari/537.36"""
717,10.143.2.25,2022/01/22 17:43:19,200,1120,https://intranet.smith.russellmitchell.com/?p=5,GET,/wp-includes/js/wp-embed.min.js?ver=5.8.3,HTTP/1.1,"""Mozilla/5.0 (X11; Linux x86_64) AppleWebKit/537.36 (KHTML, like Gecko) HeadlessChrome/97.0.4692.71 Safari/537.36"""
718,10.143.2.25,2022/01/22 17:43:19,200,71266,https://intranet.smith.russellmitchell.com/?p=5,GET,/wp-content/plugins/wpdiscuz/assets/js/wpdiscuz-combo.min.js?ver=7.0.4,HTTP/1.1,"""Mozilla/5.0 (X11; Linux x86_64) AppleWebKit/537.36 (KHTML, like Gecko) HeadlessChrome/97.0.4692.71 Safari/537.36"""
719,10.143.2.25,2022/01/22 17:43:38,408,3020,-,,,,"""-"""
720,10.143.2.25,2022/01/22 17:43:38,408,3020,-,,,,"""-"""
721,::1,2022/01/22 17:43:41,200,110,-,OPTIONS,*,HTTP/1.0,"""Apache/2.4.29 (Ubuntu) OpenSSL/1.1.1 (internal dummy connection)"""
722,172.19.131.174,2022/01/22 17:44:45,200,6514,https://intranet.smith.russellmitchell.com/wp-content/plugins/wpdiscuz/themes/default/style.css?ver=7.0.4,GET,/wp-content/plugins/wpdiscuz/assets/img/loading.gif,HTTP/1.1,"""Mozilla/5.0 (X11; Linux x86_64) AppleWebKit/537.36 (KHTML, like Gecko) HeadlessChrome/97.0.4692.71 Safari/537.36"""
723,172.19.131.174,2022/01/22 17:44:45,200,3632,https://intranet.smith.russellmitchell.com/?p=5,POST,/wp-admin/admin-ajax.php,HTTP/1.1,"""Mozilla/5.0 (X11; Linux x86_64) AppleWebKit/537.36 (KHTML, like Gecko) HeadlessChrome/97.0.4692.71 Safari/537.36"""
724,172.19.131.174,2022/01/22 17:44:47,200,661,https://intranet.smith.russellmitchell.com/?p=5,POST,/wp-admin/admin-ajax.php,HTTP/1.1,"""Mozilla/5.0 (X11; Linux x86_64) AppleWebKit/537.36 (KHTML, like Gecko) HeadlessChrome/97.0.4692.71 Safari/537.36"""
725,172.19.131.174,2022/01/22 17:45:24,200,5539,https://intranet.smith.russellmitchell.com/?p=5,POST,/wp-admin/admin-ajax.php,HTTP/1.1,"""Mozilla/5.0 (X11; Linux x86_64) AppleWebKit/537.36 (KHTML, like Gecko) HeadlessChrome/97.0.4692.71 Safari/537.36"""
726,172.19.131.174,2022/01/22 17:45:24,200,549,https://intranet.smith.russellmitchell.com/?p=5,POST,/wp-admin/admin-ajax.php,HTTP/1.1,"""Mozilla/5.0 (X11; Linux x86_64) AppleWebKit/537.36 (KHTML, like Gecko) HeadlessChrome/97.0.4692.71 Safari/537.36"""
727,172.19.131.174,2022/01/22 17:46:05,200,1237,https://intranet.smith.russellmitchell.com/?p=5,POST,/wp-admin/admin-ajax.php,HTTP/1.1,"""Mozilla/5.0 (X11; Linux x86_64) AppleWebKit/537.36 (KHTML, like Gecko) HeadlessChrome/97.0.4692.71 Safari/537.36"""
728,10.143.2.25,2022/01/22 17:46:35,200,6203,-,GET,/,HTTP/1.1,"""Mozilla/5.0 (X11; Linux x86_64) AppleWebKit/537.36 (KHTML, like Gecko) HeadlessChrome/97.0.4692.71 Safari/537.36"""
729,172.19.131.174,2022/01/22 17:46:43,200,5681,https://intranet.smith.russellmitchell.com/?p=5,POST,/wp-admin/admin-ajax.php,HTTP/1.1,"""Mozilla/5.0 (X11; Linux x86_64) AppleWebKit/537.36 (KHTML, like Gecko) HeadlessChrome/97.0.4692.71 Safari/537.36"""
730,172.19.131.174,2022/01/22 17:46:43,200,549,https://intranet.smith.russellmitchell.com/?p=5,POST,/wp-admin/admin-ajax.php,HTTP/1.1,"""Mozilla/5.0 (X11; Linux x86_64) AppleWebKit/537.36 (KHTML, like Gecko) HeadlessChrome/97.0.4692.71 Safari/537.36"""
731,10.143.3.65,2022/01/22 17:47:41,200,6203,-,GET,/,HTTP/1.1,"""Mozilla/5.0 (X11; Ubuntu; Linux x86_64; rv:86.0) Gecko/20100101 Firefox/86.0"""
732,172.19.131.174,2022/01/22 17:48:19,200,5788,https://intranet.smith.russellmitchell.com/?p=5,POST,/wp-admin/admin-ajax.php,HTTP/1.1,"""Mozilla/5.0 (X11; Linux x86_64) AppleWebKit/537.36 (KHTML, like Gecko) HeadlessChrome/97.0.4692.71 Safari/537.36"""
733,172.19.131.174,2022/01/22 17:48:19,200,549,https://intranet.smith.russellmitchell.com/?p=5,POST,/wp-admin/admin-ajax.php,HTTP/1.1,"""Mozilla/5.0 (X11; Linux x86_64) AppleWebKit/537.36 (KHTML, like Gecko) HeadlessChrome/97.0.4692.71 Safari/537.36"""
734,10.143.2.25,2022/01/22 17:48:31,200,29387,-,GET,/?p=5,HTTP/1.1,"""Mozilla/5.0 (X11; Linux x86_64) AppleWebKit/537.36 (KHTML, like Gecko) HeadlessChrome/97.0.4692.71 Safari/537.36"""
735,10.143.2.25,2022/01/22 17:48:32,200,3464,https://intranet.smith.russellmitchell.com/?p=5,GET,/wp-content/plugins/wpdiscuz/assets/third-party/font-awesome-5.13.0/css/fa.min.css?ver=7.0.4,HTTP/1.1,"""Mozilla/5.0 (X11; Linux x86_64) AppleWebKit/537.36 (KHTML, like Gecko) HeadlessChrome/97.0.4692.71 Safari/537.36"""
736,10.143.2.25,2022/01/22 17:48:32,200,7375,https://intranet.smith.russellmitchell.com/?p=5,GET,/wp-content/plugins/wpdiscuz/assets/css/wpdiscuz-combo.min.css?ver=5.8.3,HTTP/1.1,"""Mozilla/5.0 (X11; Linux x86_64) AppleWebKit/537.36 (KHTML, like Gecko) HeadlessChrome/97.0.4692.71 Safari/537.36"""
737,10.143.2.25,2022/01/22 17:48:32,200,1433,https://intranet.smith.russellmitchell.com/?p=5,GET,/wp-content/themes/go/dist/css/design-styles/style-traditional.min.css?ver=1.5.2,HTTP/1.1,"""Mozilla/5.0 (X11; Linux x86_64) AppleWebKit/537.36 (KHTML, like Gecko) HeadlessChrome/97.0.4692.71 Safari/537.36"""
738,10.143.2.25,2022/01/22 17:48:32,200,10934,https://intranet.smith.russellmitchell.com/?p=5,GET,/wp-includes/css/dist/block-library/style.min.css?ver=5.8.3,HTTP/1.1,"""Mozilla/5.0 (X11; Linux x86_64) AppleWebKit/537.36 (KHTML, like Gecko) HeadlessChrome/97.0.4692.71 Safari/537.36"""
739,10.143.2.25,2022/01/22 17:48:32,200,4570,https://intranet.smith.russellmitchell.com/?p=5,GET,/wp-includes/js/jquery/jquery-migrate.min.js?ver=3.3.2,HTTP/1.1,"""Mozilla/5.0 (X11; Linux x86_64) AppleWebKit/537.36 (KHTML, like Gecko) HeadlessChrome/97.0.4692.71 Safari/537.36"""
740,10.143.2.25,2022/01/22 17:48:32,200,20302,https://intranet.smith.russellmitchell.com/?p=5,GET,/wp-content/plugins/wpdiscuz/themes/default/style.css?ver=7.0.4,HTTP/1.1,"""Mozilla/5.0 (X11; Linux x86_64) AppleWebKit/537.36 (KHTML, like Gecko) HeadlessChrome/97.0.4692.71 Safari/537.36"""
741,10.143.2.25,2022/01/22 17:48:32,200,23313,https://intranet.smith.russellmitchell.com/?p=5,GET,/wp-content/themes/go/dist/css/style-shared.min.css?ver=1.5.2,HTTP/1.1,"""Mozilla/5.0 (X11; Linux x86_64) AppleWebKit/537.36 (KHTML, like Gecko) HeadlessChrome/97.0.4692.71 Safari/537.36"""
742,10.143.2.25,2022/01/22 17:48:32,200,31377,https://intranet.smith.russellmitchell.com/?p=5,GET,/wp-includes/js/jquery/jquery.min.js?ver=3.6.0,HTTP/1.1,"""Mozilla/5.0 (X11; Linux x86_64) AppleWebKit/537.36 (KHTML, like Gecko) HeadlessChrome/97.0.4692.71 Safari/537.36"""
743,10.143.2.25,2022/01/22 17:48:32,200,5331,https://intranet.smith.russellmitchell.com/?p=5,GET,/wp-includes/js/wp-emoji-release.min.js?ver=5.8.3,HTTP/1.1,"""Mozilla/5.0 (X11; Linux x86_64) AppleWebKit/537.36 (KHTML, like Gecko) HeadlessChrome/97.0.4692.71 Safari/537.36"""
744,10.143.2.25,2022/01/22 17:48:32,200,18908,https://intranet.smith.russellmitchell.com/wp-content/plugins/wpdiscuz/themes/default/style.css?ver=7.0.4,GET,/wp-content/plugins/wpdiscuz/themes/default/css/fonts/sqr721c-webfont.woff2,HTTP/1.1,"""Mozilla/5.0 (X11; Linux x86_64) AppleWebKit/537.36 (KHTML, like Gecko) HeadlessChrome/97.0.4692.71 Safari/537.36"""
745,10.143.2.25,2022/01/22 17:48:32,200,13874,https://intranet.smith.russellmitchell.com/wp-content/plugins/wpdiscuz/assets/third-party/font-awesome-5.13.0/css/fa.min.css?ver=7.0.4,GET,/wp-content/plugins/wpdiscuz/assets/third-party/font-awesome-5.13.0/webfonts/fa-regular-400.woff2,HTTP/1.1,"""Mozilla/5.0 (X11; Linux x86_64) AppleWebKit/537.36 (KHTML, like Gecko) HeadlessChrome/97.0.4692.71 Safari/537.36"""
746,10.143.2.25,2022/01/22 17:48:32,200,79823,https://intranet.smith.russellmitchell.com/wp-content/plugins/wpdiscuz/assets/third-party/font-awesome-5.13.0/css/fa.min.css?ver=7.0.4,GET,/wp-content/plugins/wpdiscuz/assets/third-party/font-awesome-5.13.0/webfonts/fa-solid-900.woff2,HTTP/1.1,"""Mozilla/5.0 (X11; Linux x86_64) AppleWebKit/537.36 (KHTML, like Gecko) HeadlessChrome/97.0.4692.71 Safari/537.36"""
747,10.143.2.25,2022/01/22 17:48:32,200,76991,https://intranet.smith.russellmitchell.com/wp-content/plugins/wpdiscuz/assets/third-party/font-awesome-5.13.0/css/fa.min.css?ver=7.0.4,GET,/wp-content/plugins/wpdiscuz/assets/third-party/font-awesome-5.13.0/webfonts/fa-brands-400.woff2,HTTP/1.1,"""Mozilla/5.0 (X11; Linux x86_64) AppleWebKit/537.36 (KHTML, like Gecko) HeadlessChrome/97.0.4692.71 Safari/537.36"""
748,10.143.2.25,2022/01/22 17:48:32,200,2981,https://intranet.smith.russellmitchell.com/?p=5,GET,/wp-content/themes/go/dist/js/frontend.min.js?ver=1.5.2,HTTP/1.1,"""Mozilla/5.0 (X11; Linux x86_64) AppleWebKit/537.36 (KHTML, like Gecko) HeadlessChrome/97.0.4692.71 Safari/537.36"""
749,10.143.2.25,2022/01/22 17:48:32,200,1702,https://intranet.smith.russellmitchell.com/?p=5,GET,/wp-includes/js/comment-reply.min.js?ver=5.8.3,HTTP/1.1,"""Mozilla/5.0 (X11; Linux x86_64) AppleWebKit/537.36 (KHTML, like Gecko) HeadlessChrome/97.0.4692.71 Safari/537.36"""
750,10.143.2.25,2022/01/22 17:48:32,200,1120,https://intranet.smith.russellmitchell.com/?p=5,GET,/wp-includes/js/wp-embed.min.js?ver=5.8.3,HTTP/1.1,"""Mozilla/5.0 (X11; Linux x86_64) AppleWebKit/537.36 (KHTML, like Gecko) HeadlessChrome/97.0.4692.71 Safari/537.36"""
751,10.143.2.25,2022/01/22 17:48:32,200,71266,https://intranet.smith.russellmitchell.com/?p=5,GET,/wp-content/plugins/wpdiscuz/assets/js/wpdiscuz-combo.min.js?ver=7.0.4,HTTP/1.1,"""Mozilla/5.0 (X11; Linux x86_64) AppleWebKit/537.36 (KHTML, like Gecko) HeadlessChrome/97.0.4692.71 Safari/537.36"""
752,10.143.2.25,2022/01/22 17:48:52,408,3020,-,,,,"""-"""
753,10.143.2.25,2022/01/22 17:48:52,408,3020,-,,,,"""-"""
754,::1,2022/01/22 17:48:54,200,110,-,OPTIONS,*,HTTP/1.0,"""Apache/2.4.29 (Ubuntu) OpenSSL/1.1.1 (internal dummy connection)"""
755,172.19.131.174,2022/01/22 17:48:55,200,6203,-,GET,/,HTTP/1.1,"""Mozilla/5.0 (X11; Linux x86_64) AppleWebKit/537.36 (KHTML, like Gecko) HeadlessChrome/97.0.4692.71 Safari/537.36"""
756,10.143.2.25,2022/01/22 17:50:49,200,6203,-,GET,/,HTTP/1.1,"""Mozilla/5.0 (X11; Linux x86_64) AppleWebKit/537.36 (KHTML, like Gecko) HeadlessChrome/97.0.4692.71 Safari/537.36"""
757,10.143.3.65,2022/01/22 18:20:49,200,6203,-,GET,/,HTTP/1.1,"""Mozilla/5.0 (X11; Ubuntu; Linux x86_64; rv:86.0) Gecko/20100101 Firefox/86.0"""
758,10.143.3.65,2022/01/22 18:20:49,404,396,http://intranet.smith.russellmitchell.com/,GET,/favicon.ico,HTTP/1.1,"""Mozilla/5.0 (X11; Ubuntu; Linux x86_64; rv:86.0) Gecko/20100101 Firefox/86.0"""
759,10.143.3.65,2022/01/22 18:23:19,200,6203,-,GET,/,HTTP/1.1,"""Mozilla/5.0 (X11; Ubuntu; Linux x86_64; rv:86.0) Gecko/20100101 Firefox/86.0"""
760,172.19.131.174,2022/01/22 19:05:36,200,6203,-,GET,/,HTTP/1.1,"""Mozilla/5.0 (X11; Linux x86_64) AppleWebKit/537.36 (KHTML, like Gecko) HeadlessChrome/97.0.4692.71 Safari/537.36"""
761,10.143.2.4,2022/01/22 19:05:36,200,150,-,POST,/wp-cron.php?doing_wp_cron=1642878336.7379009723663330078125,HTTP/1.1,"""WordPress/5.8.3; https://intranet.smith.russellmitchell.com"""
762,172.19.131.174,2022/01/22 19:08:30,200,29414,-,GET,/?p=5,HTTP/1.1,"""Mozilla/5.0 (X11; Linux x86_64) AppleWebKit/537.36 (KHTML, like Gecko) HeadlessChrome/97.0.4692.71 Safari/537.36"""
763,172.19.131.174,2022/01/22 19:08:30,200,10934,https://intranet.smith.russellmitchell.com/?p=5,GET,/wp-includes/css/dist/block-library/style.min.css?ver=5.8.3,HTTP/1.1,"""Mozilla/5.0 (X11; Linux x86_64) AppleWebKit/537.36 (KHTML, like Gecko) HeadlessChrome/97.0.4692.71 Safari/537.36"""
764,172.19.131.174,2022/01/22 19:08:30,200,3464,https://intranet.smith.russellmitchell.com/?p=5,GET,/wp-content/plugins/wpdiscuz/assets/third-party/font-awesome-5.13.0/css/fa.min.css?ver=7.0.4,HTTP/1.1,"""Mozilla/5.0 (X11; Linux x86_64) AppleWebKit/537.36 (KHTML, like Gecko) HeadlessChrome/97.0.4692.71 Safari/537.36"""
765,172.19.131.174,2022/01/22 19:08:30,200,7375,https://intranet.smith.russellmitchell.com/?p=5,GET,/wp-content/plugins/wpdiscuz/assets/css/wpdiscuz-combo.min.css?ver=5.8.3,HTTP/1.1,"""Mozilla/5.0 (X11; Linux x86_64) AppleWebKit/537.36 (KHTML, like Gecko) HeadlessChrome/97.0.4692.71 Safari/537.36"""
766,172.19.131.174,2022/01/22 19:08:30,200,20302,https://intranet.smith.russellmitchell.com/?p=5,GET,/wp-content/plugins/wpdiscuz/themes/default/style.css?ver=7.0.4,HTTP/1.1,"""Mozilla/5.0 (X11; Linux x86_64) AppleWebKit/537.36 (KHTML, like Gecko) HeadlessChrome/97.0.4692.71 Safari/537.36"""
767,172.19.131.174,2022/01/22 19:08:30,200,23889,https://intranet.smith.russellmitchell.com/?p=5,GET,/wp-content/themes/go/dist/css/style-shared.min.css?ver=1.5.2,HTTP/1.1,"""Mozilla/5.0 (X11; Linux x86_64) AppleWebKit/537.36 (KHTML, like Gecko) HeadlessChrome/97.0.4692.71 Safari/537.36"""
768,172.19.131.174,2022/01/22 19:08:30,200,1433,https://intranet.smith.russellmitchell.com/?p=5,GET,/wp-content/themes/go/dist/css/design-styles/style-traditional.min.css?ver=1.5.2,HTTP/1.1,"""Mozilla/5.0 (X11; Linux x86_64) AppleWebKit/537.36 (KHTML, like Gecko) HeadlessChrome/97.0.4692.71 Safari/537.36"""
769,172.19.131.174,2022/01/22 19:08:30,200,4570,https://intranet.smith.russellmitchell.com/?p=5,GET,/wp-includes/js/jquery/jquery-migrate.min.js?ver=3.3.2,HTTP/1.1,"""Mozilla/5.0 (X11; Linux x86_64) AppleWebKit/537.36 (KHTML, like Gecko) HeadlessChrome/97.0.4692.71 Safari/537.36"""
770,172.19.131.174,2022/01/22 19:08:30,200,34398,https://intranet.smith.russellmitchell.com/?p=5,GET,/wp-includes/js/jquery/jquery.min.js?ver=3.6.0,HTTP/1.1,"""Mozilla/5.0 (X11; Linux x86_64) AppleWebKit/537.36 (KHTML, like Gecko) HeadlessChrome/97.0.4692.71 Safari/537.36"""
771,172.19.131.174,2022/01/22 19:08:30,200,5331,https://intranet.smith.russellmitchell.com/?p=5,GET,/wp-includes/js/wp-emoji-release.min.js?ver=5.8.3,HTTP/1.1,"""Mozilla/5.0 (X11; Linux x86_64) AppleWebKit/537.36 (KHTML, like Gecko) HeadlessChrome/97.0.4692.71 Safari/537.36"""
772,172.19.131.174,2022/01/22 19:08:31,200,18908,https://intranet.smith.russellmitchell.com/wp-content/plugins/wpdiscuz/themes/default/style.css?ver=7.0.4,GET,/wp-content/plugins/wpdiscuz/themes/default/css/fonts/sqr721c-webfont.woff2,HTTP/1.1,"""Mozilla/5.0 (X11; Linux x86_64) AppleWebKit/537.36 (KHTML, like Gecko) HeadlessChrome/97.0.4692.71 Safari/537.36"""
773,172.19.131.174,2022/01/22 19:08:31,200,13874,https://intranet.smith.russellmitchell.com/wp-content/plugins/wpdiscuz/assets/third-party/font-awesome-5.13.0/css/fa.min.css?ver=7.0.4,GET,/wp-content/plugins/wpdiscuz/assets/third-party/font-awesome-5.13.0/webfonts/fa-regular-400.woff2,HTTP/1.1,"""Mozilla/5.0 (X11; Linux x86_64) AppleWebKit/537.36 (KHTML, like Gecko) HeadlessChrome/97.0.4692.71 Safari/537.36"""
774,172.19.131.174,2022/01/22 19:08:31,200,79823,https://intranet.smith.russellmitchell.com/wp-content/plugins/wpdiscuz/assets/third-party/font-awesome-5.13.0/css/fa.min.css?ver=7.0.4,GET,/wp-content/plugins/wpdiscuz/assets/third-party/font-awesome-5.13.0/webfonts/fa-solid-900.woff2,HTTP/1.1,"""Mozilla/5.0 (X11; Linux x86_64) AppleWebKit/537.36 (KHTML, like Gecko) HeadlessChrome/97.0.4692.71 Safari/537.36"""
775,172.19.131.174,2022/01/22 19:08:31,200,76991,https://intranet.smith.russellmitchell.com/wp-content/plugins/wpdiscuz/assets/third-party/font-awesome-5.13.0/css/fa.min.css?ver=7.0.4,GET,/wp-content/plugins/wpdiscuz/assets/third-party/font-awesome-5.13.0/webfonts/fa-brands-400.woff2,HTTP/1.1,"""Mozilla/5.0 (X11; Linux x86_64) AppleWebKit/537.36 (KHTML, like Gecko) HeadlessChrome/97.0.4692.71 Safari/537.36"""
776,172.19.131.174,2022/01/22 19:08:31,200,2981,https://intranet.smith.russellmitchell.com/?p=5,GET,/wp-content/themes/go/dist/js/frontend.min.js?ver=1.5.2,HTTP/1.1,"""Mozilla/5.0 (X11; Linux x86_64) AppleWebKit/537.36 (KHTML, like Gecko) HeadlessChrome/97.0.4692.71 Safari/537.36"""
777,172.19.131.174,2022/01/22 19:08:31,200,1702,https://intranet.smith.russellmitchell.com/?p=5,GET,/wp-includes/js/comment-reply.min.js?ver=5.8.3,HTTP/1.1,"""Mozilla/5.0 (X11; Linux x86_64) AppleWebKit/537.36 (KHTML, like Gecko) HeadlessChrome/97.0.4692.71 Safari/537.36"""
778,172.19.131.174,2022/01/22 19:08:31,200,1120,https://intranet.smith.russellmitchell.com/?p=5,GET,/wp-includes/js/wp-embed.min.js?ver=5.8.3,HTTP/1.1,"""Mozilla/5.0 (X11; Linux x86_64) AppleWebKit/537.36 (KHTML, like Gecko) HeadlessChrome/97.0.4692.71 Safari/537.36"""
779,172.19.131.174,2022/01/22 19:08:31,200,71266,https://intranet.smith.russellmitchell.com/?p=5,GET,/wp-content/plugins/wpdiscuz/assets/js/wpdiscuz-combo.min.js?ver=7.0.4,HTTP/1.1,"""Mozilla/5.0 (X11; Linux x86_64) AppleWebKit/537.36 (KHTML, like Gecko) HeadlessChrome/97.0.4692.71 Safari/537.36"""
780,::1,2022/01/22 19:08:39,200,110,-,OPTIONS,*,HTTP/1.0,"""Apache/2.4.29 (Ubuntu) OpenSSL/1.1.1 (internal dummy connection)"""
781,172.19.131.174,2022/01/22 19:11:26,200,6203,-,GET,/,HTTP/1.1,"""Mozilla/5.0 (X11; Linux x86_64) AppleWebKit/537.36 (KHTML, like Gecko) HeadlessChrome/97.0.4692.71 Safari/537.36"""
782,172.19.131.174,2022/01/22 19:15:33,200,29409,-,GET,/?p=5,HTTP/1.1,"""Mozilla/5.0 (X11; Linux x86_64) AppleWebKit/537.36 (KHTML, like Gecko) HeadlessChrome/97.0.4692.71 Safari/537.36"""
783,172.19.131.174,2022/01/22 19:15:33,200,10934,https://intranet.smith.russellmitchell.com/?p=5,GET,/wp-includes/css/dist/block-library/style.min.css?ver=5.8.3,HTTP/1.1,"""Mozilla/5.0 (X11; Linux x86_64) AppleWebKit/537.36 (KHTML, like Gecko) HeadlessChrome/97.0.4692.71 Safari/537.36"""
784,172.19.131.174,2022/01/22 19:15:33,200,3464,https://intranet.smith.russellmitchell.com/?p=5,GET,/wp-content/plugins/wpdiscuz/assets/third-party/font-awesome-5.13.0/css/fa.min.css?ver=7.0.4,HTTP/1.1,"""Mozilla/5.0 (X11; Linux x86_64) AppleWebKit/537.36 (KHTML, like Gecko) HeadlessChrome/97.0.4692.71 Safari/537.36"""
785,172.19.131.174,2022/01/22 19:15:33,200,20302,https://intranet.smith.russellmitchell.com/?p=5,GET,/wp-content/plugins/wpdiscuz/themes/default/style.css?ver=7.0.4,HTTP/1.1,"""Mozilla/5.0 (X11; Linux x86_64) AppleWebKit/537.36 (KHTML, like Gecko) HeadlessChrome/97.0.4692.71 Safari/537.36"""
786,172.19.131.174,2022/01/22 19:15:33,200,9820,https://intranet.smith.russellmitchell.com/?p=5,GET,/wp-content/plugins/wpdiscuz/assets/css/wpdiscuz-combo.min.css?ver=5.8.3,HTTP/1.1,"""Mozilla/5.0 (X11; Linux x86_64) AppleWebKit/537.36 (KHTML, like Gecko) HeadlessChrome/97.0.4692.71 Safari/537.36"""
787,172.19.131.174,2022/01/22 19:15:33,200,2009,https://intranet.smith.russellmitchell.com/?p=5,GET,/wp-content/themes/go/dist/css/design-styles/style-traditional.min.css?ver=1.5.2,HTTP/1.1,"""Mozilla/5.0 (X11; Linux x86_64) AppleWebKit/537.36 (KHTML, like Gecko) HeadlessChrome/97.0.4692.71 Safari/537.36"""
788,172.19.131.174,2022/01/22 19:15:33,200,23889,https://intranet.smith.russellmitchell.com/?p=5,GET,/wp-content/themes/go/dist/css/style-shared.min.css?ver=1.5.2,HTTP/1.1,"""Mozilla/5.0 (X11; Linux x86_64) AppleWebKit/537.36 (KHTML, like Gecko) HeadlessChrome/97.0.4692.71 Safari/537.36"""
789,172.19.131.174,2022/01/22 19:15:33,200,4570,https://intranet.smith.russellmitchell.com/?p=5,GET,/wp-includes/js/jquery/jquery-migrate.min.js?ver=3.3.2,HTTP/1.1,"""Mozilla/5.0 (X11; Linux x86_64) AppleWebKit/537.36 (KHTML, like Gecko) HeadlessChrome/97.0.4692.71 Safari/537.36"""
790,172.19.131.174,2022/01/22 19:15:33,200,31377,https://intranet.smith.russellmitchell.com/?p=5,GET,/wp-includes/js/jquery/jquery.min.js?ver=3.6.0,HTTP/1.1,"""Mozilla/5.0 (X11; Linux x86_64) AppleWebKit/537.36 (KHTML, like Gecko) HeadlessChrome/97.0.4692.71 Safari/537.36"""
791,172.19.131.174,2022/01/22 19:15:33,200,5331,https://intranet.smith.russellmitchell.com/?p=5,GET,/wp-includes/js/wp-emoji-release.min.js?ver=5.8.3,HTTP/1.1,"""Mozilla/5.0 (X11; Linux x86_64) AppleWebKit/537.36 (KHTML, like Gecko) HeadlessChrome/97.0.4692.71 Safari/537.36"""
792,172.19.131.174,2022/01/22 19:15:34,200,18908,https://intranet.smith.russellmitchell.com/wp-content/plugins/wpdiscuz/themes/default/style.css?ver=7.0.4,GET,/wp-content/plugins/wpdiscuz/themes/default/css/fonts/sqr721c-webfont.woff2,HTTP/1.1,"""Mozilla/5.0 (X11; Linux x86_64) AppleWebKit/537.36 (KHTML, like Gecko) HeadlessChrome/97.0.4692.71 Safari/537.36"""
793,172.19.131.174,2022/01/22 19:15:34,200,13874,https://intranet.smith.russellmitchell.com/wp-content/plugins/wpdiscuz/assets/third-party/font-awesome-5.13.0/css/fa.min.css?ver=7.0.4,GET,/wp-content/plugins/wpdiscuz/assets/third-party/font-awesome-5.13.0/webfonts/fa-regular-400.woff2,HTTP/1.1,"""Mozilla/5.0 (X11; Linux x86_64) AppleWebKit/537.36 (KHTML, like Gecko) HeadlessChrome/97.0.4692.71 Safari/537.36"""
794,172.19.131.174,2022/01/22 19:15:34,200,79823,https://intranet.smith.russellmitchell.com/wp-content/plugins/wpdiscuz/assets/third-party/font-awesome-5.13.0/css/fa.min.css?ver=7.0.4,GET,/wp-content/plugins/wpdiscuz/assets/third-party/font-awesome-5.13.0/webfonts/fa-solid-900.woff2,HTTP/1.1,"""Mozilla/5.0 (X11; Linux x86_64) AppleWebKit/537.36 (KHTML, like Gecko) HeadlessChrome/97.0.4692.71 Safari/537.36"""
795,172.19.131.174,2022/01/22 19:15:34,200,76991,https://intranet.smith.russellmitchell.com/wp-content/plugins/wpdiscuz/assets/third-party/font-awesome-5.13.0/css/fa.min.css?ver=7.0.4,GET,/wp-content/plugins/wpdiscuz/assets/third-party/font-awesome-5.13.0/webfonts/fa-brands-400.woff2,HTTP/1.1,"""Mozilla/5.0 (X11; Linux x86_64) AppleWebKit/537.36 (KHTML, like Gecko) HeadlessChrome/97.0.4692.71 Safari/537.36"""
796,172.19.131.174,2022/01/22 19:15:34,200,2981,https://intranet.smith.russellmitchell.com/?p=5,GET,/wp-content/themes/go/dist/js/frontend.min.js?ver=1.5.2,HTTP/1.1,"""Mozilla/5.0 (X11; Linux x86_64) AppleWebKit/537.36 (KHTML, like Gecko) HeadlessChrome/97.0.4692.71 Safari/537.36"""
797,172.19.131.174,2022/01/22 19:15:34,200,1702,https://intranet.smith.russellmitchell.com/?p=5,GET,/wp-includes/js/comment-reply.min.js?ver=5.8.3,HTTP/1.1,"""Mozilla/5.0 (X11; Linux x86_64) AppleWebKit/537.36 (KHTML, like Gecko) HeadlessChrome/97.0.4692.71 Safari/537.36"""
798,172.19.131.174,2022/01/22 19:15:34,200,71266,https://intranet.smith.russellmitchell.com/?p=5,GET,/wp-content/plugins/wpdiscuz/assets/js/wpdiscuz-combo.min.js?ver=7.0.4,HTTP/1.1,"""Mozilla/5.0 (X11; Linux x86_64) AppleWebKit/537.36 (KHTML, like Gecko) HeadlessChrome/97.0.4692.71 Safari/537.36"""
799,172.19.131.174,2022/01/22 19:15:34,200,1120,https://intranet.smith.russellmitchell.com/?p=5,GET,/wp-includes/js/wp-embed.min.js?ver=5.8.3,HTTP/1.1,"""Mozilla/5.0 (X11; Linux x86_64) AppleWebKit/537.36 (KHTML, like Gecko) HeadlessChrome/97.0.4692.71 Safari/537.36"""
800,::1,2022/01/22 19:15:42,200,110,-,OPTIONS,*,HTTP/1.0,"""Apache/2.4.29 (Ubuntu) OpenSSL/1.1.1 (internal dummy connection)"""
801,172.19.131.174,2022/01/22 19:18:43,200,4069,https://intranet.smith.russellmitchell.com/wp-content/plugins/wpdiscuz/themes/default/style.css?ver=7.0.4,GET,/wp-content/plugins/wpdiscuz/assets/img/loading.gif,HTTP/1.1,"""Mozilla/5.0 (X11; Linux x86_64) AppleWebKit/537.36 (KHTML, like Gecko) HeadlessChrome/97.0.4692.71 Safari/537.36"""
802,172.19.131.174,2022/01/22 19:18:43,200,5788,https://intranet.smith.russellmitchell.com/?p=5,POST,/wp-admin/admin-ajax.php,HTTP/1.1,"""Mozilla/5.0 (X11; Linux x86_64) AppleWebKit/537.36 (KHTML, like Gecko) HeadlessChrome/97.0.4692.71 Safari/537.36"""
803,172.19.131.174,2022/01/22 19:18:43,200,549,https://intranet.smith.russellmitchell.com/?p=5,POST,/wp-admin/admin-ajax.php,HTTP/1.1,"""Mozilla/5.0 (X11; Linux x86_64) AppleWebKit/537.36 (KHTML, like Gecko) HeadlessChrome/97.0.4692.71 Safari/537.36"""
804,172.19.131.174,2022/01/22 19:20:13,200,5703,https://intranet.smith.russellmitchell.com/?p=5,POST,/wp-admin/admin-ajax.php,HTTP/1.1,"""Mozilla/5.0 (X11; Linux x86_64) AppleWebKit/537.36 (KHTML, like Gecko) HeadlessChrome/97.0.4692.71 Safari/537.36"""
805,172.19.131.174,2022/01/22 19:20:13,200,549,https://intranet.smith.russellmitchell.com/?p=5,POST,/wp-admin/admin-ajax.php,HTTP/1.1,"""Mozilla/5.0 (X11; Linux x86_64) AppleWebKit/537.36 (KHTML, like Gecko) HeadlessChrome/97.0.4692.71 Safari/537.36"""
806,172.19.131.174,2022/01/22 19:21:14,200,5579,https://intranet.smith.russellmitchell.com/?p=5,POST,/wp-admin/admin-ajax.php,HTTP/1.1,"""Mozilla/5.0 (X11; Linux x86_64) AppleWebKit/537.36 (KHTML, like Gecko) HeadlessChrome/97.0.4692.71 Safari/537.36"""
807,172.19.131.174,2022/01/22 19:21:14,200,549,https://intranet.smith.russellmitchell.com/?p=5,POST,/wp-admin/admin-ajax.php,HTTP/1.1,"""Mozilla/5.0 (X11; Linux x86_64) AppleWebKit/537.36 (KHTML, like Gecko) HeadlessChrome/97.0.4692.71 Safari/537.36"""
808,172.19.131.174,2022/01/22 19:21:49,200,6203,-,GET,/,HTTP/1.1,"""Mozilla/5.0 (X11; Linux x86_64) AppleWebKit/537.36 (KHTML, like Gecko) HeadlessChrome/97.0.4692.71 Safari/537.36"""
809,172.19.131.174,2022/01/22 19:24:35,200,27377,-,GET,/?p=5,HTTP/1.1,"""Mozilla/5.0 (X11; Linux x86_64) AppleWebKit/537.36 (KHTML, like Gecko) HeadlessChrome/97.0.4692.71 Safari/537.36"""
810,172.19.131.174,2022/01/22 19:24:35,200,10934,https://intranet.smith.russellmitchell.com/?p=5,GET,/wp-includes/css/dist/block-library/style.min.css?ver=5.8.3,HTTP/1.1,"""Mozilla/5.0 (X11; Linux x86_64) AppleWebKit/537.36 (KHTML, like Gecko) HeadlessChrome/97.0.4692.71 Safari/537.36"""
811,172.19.131.174,2022/01/22 19:24:35,200,3464,https://intranet.smith.russellmitchell.com/?p=5,GET,/wp-content/plugins/wpdiscuz/assets/third-party/font-awesome-5.13.0/css/fa.min.css?ver=7.0.4,HTTP/1.1,"""Mozilla/5.0 (X11; Linux x86_64) AppleWebKit/537.36 (KHTML, like Gecko) HeadlessChrome/97.0.4692.71 Safari/537.36"""
812,172.19.131.174,2022/01/22 19:24:35,200,6799,https://intranet.smith.russellmitchell.com/?p=5,GET,/wp-content/plugins/wpdiscuz/assets/css/wpdiscuz-combo.min.css?ver=5.8.3,HTTP/1.1,"""Mozilla/5.0 (X11; Linux x86_64) AppleWebKit/537.36 (KHTML, like Gecko) HeadlessChrome/97.0.4692.71 Safari/537.36"""
813,172.19.131.174,2022/01/22 19:24:35,200,20302,https://intranet.smith.russellmitchell.com/?p=5,GET,/wp-content/plugins/wpdiscuz/themes/default/style.css?ver=7.0.4,HTTP/1.1,"""Mozilla/5.0 (X11; Linux x86_64) AppleWebKit/537.36 (KHTML, like Gecko) HeadlessChrome/97.0.4692.71 Safari/537.36"""
814,172.19.131.174,2022/01/22 19:24:35,200,4454,https://intranet.smith.russellmitchell.com/?p=5,GET,/wp-content/themes/go/dist/css/design-styles/style-traditional.min.css?ver=1.5.2,HTTP/1.1,"""Mozilla/5.0 (X11; Linux x86_64) AppleWebKit/537.36 (KHTML, like Gecko) HeadlessChrome/97.0.4692.71 Safari/537.36"""
815,172.19.131.174,2022/01/22 19:24:35,200,23313,https://intranet.smith.russellmitchell.com/?p=5,GET,/wp-content/themes/go/dist/css/style-shared.min.css?ver=1.5.2,HTTP/1.1,"""Mozilla/5.0 (X11; Linux x86_64) AppleWebKit/537.36 (KHTML, like Gecko) HeadlessChrome/97.0.4692.71 Safari/537.36"""
816,172.19.131.174,2022/01/22 19:24:35,200,7591,https://intranet.smith.russellmitchell.com/?p=5,GET,/wp-includes/js/jquery/jquery-migrate.min.js?ver=3.3.2,HTTP/1.1,"""Mozilla/5.0 (X11; Linux x86_64) AppleWebKit/537.36 (KHTML, like Gecko) HeadlessChrome/97.0.4692.71 Safari/537.36"""
817,172.19.131.174,2022/01/22 19:24:35,200,34398,https://intranet.smith.russellmitchell.com/?p=5,GET,/wp-includes/js/jquery/jquery.min.js?ver=3.6.0,HTTP/1.1,"""Mozilla/5.0 (X11; Linux x86_64) AppleWebKit/537.36 (KHTML, like Gecko) HeadlessChrome/97.0.4692.71 Safari/537.36"""
818,172.19.131.174,2022/01/22 19:24:35,200,5331,https://intranet.smith.russellmitchell.com/?p=5,GET,/wp-includes/js/wp-emoji-release.min.js?ver=5.8.3,HTTP/1.1,"""Mozilla/5.0 (X11; Linux x86_64) AppleWebKit/537.36 (KHTML, like Gecko) HeadlessChrome/97.0.4692.71 Safari/537.36"""
819,172.19.131.174,2022/01/22 19:24:36,200,18908,https://intranet.smith.russellmitchell.com/wp-content/plugins/wpdiscuz/themes/default/style.css?ver=7.0.4,GET,/wp-content/plugins/wpdiscuz/themes/default/css/fonts/sqr721c-webfont.woff2,HTTP/1.1,"""Mozilla/5.0 (X11; Linux x86_64) AppleWebKit/537.36 (KHTML, like Gecko) HeadlessChrome/97.0.4692.71 Safari/537.36"""
820,172.19.131.174,2022/01/22 19:24:36,200,13874,https://intranet.smith.russellmitchell.com/wp-content/plugins/wpdiscuz/assets/third-party/font-awesome-5.13.0/css/fa.min.css?ver=7.0.4,GET,/wp-content/plugins/wpdiscuz/assets/third-party/font-awesome-5.13.0/webfonts/fa-regular-400.woff2,HTTP/1.1,"""Mozilla/5.0 (X11; Linux x86_64) AppleWebKit/537.36 (KHTML, like Gecko) HeadlessChrome/97.0.4692.71 Safari/537.36"""
821,172.19.131.174,2022/01/22 19:24:36,200,79823,https://intranet.smith.russellmitchell.com/wp-content/plugins/wpdiscuz/assets/third-party/font-awesome-5.13.0/css/fa.min.css?ver=7.0.4,GET,/wp-content/plugins/wpdiscuz/assets/third-party/font-awesome-5.13.0/webfonts/fa-solid-900.woff2,HTTP/1.1,"""Mozilla/5.0 (X11; Linux x86_64) AppleWebKit/537.36 (KHTML, like Gecko) HeadlessChrome/97.0.4692.71 Safari/537.36"""
822,172.19.131.174,2022/01/22 19:24:36,200,76991,https://intranet.smith.russellmitchell.com/wp-content/plugins/wpdiscuz/assets/third-party/font-awesome-5.13.0/css/fa.min.css?ver=7.0.4,GET,/wp-content/plugins/wpdiscuz/assets/third-party/font-awesome-5.13.0/webfonts/fa-brands-400.woff2,HTTP/1.1,"""Mozilla/5.0 (X11; Linux x86_64) AppleWebKit/537.36 (KHTML, like Gecko) HeadlessChrome/97.0.4692.71 Safari/537.36"""
823,172.19.131.174,2022/01/22 19:24:36,200,2981,https://intranet.smith.russellmitchell.com/?p=5,GET,/wp-content/themes/go/dist/js/frontend.min.js?ver=1.5.2,HTTP/1.1,"""Mozilla/5.0 (X11; Linux x86_64) AppleWebKit/537.36 (KHTML, like Gecko) HeadlessChrome/97.0.4692.71 Safari/537.36"""
824,172.19.131.174,2022/01/22 19:24:36,200,1702,https://intranet.smith.russellmitchell.com/?p=5,GET,/wp-includes/js/comment-reply.min.js?ver=5.8.3,HTTP/1.1,"""Mozilla/5.0 (X11; Linux x86_64) AppleWebKit/537.36 (KHTML, like Gecko) HeadlessChrome/97.0.4692.71 Safari/537.36"""
825,172.19.131.174,2022/01/22 19:24:36,200,1120,https://intranet.smith.russellmitchell.com/?p=5,GET,/wp-includes/js/wp-embed.min.js?ver=5.8.3,HTTP/1.1,"""Mozilla/5.0 (X11; Linux x86_64) AppleWebKit/537.36 (KHTML, like Gecko) HeadlessChrome/97.0.4692.71 Safari/537.36"""
826,172.19.131.174,2022/01/22 19:24:36,200,71266,https://intranet.smith.russellmitchell.com/?p=5,GET,/wp-content/plugins/wpdiscuz/assets/js/wpdiscuz-combo.min.js?ver=7.0.4,HTTP/1.1,"""Mozilla/5.0 (X11; Linux x86_64) AppleWebKit/537.36 (KHTML, like Gecko) HeadlessChrome/97.0.4692.71 Safari/537.36"""
827,::1,2022/01/22 19:24:44,200,110,-,OPTIONS,*,HTTP/1.0,"""Apache/2.4.29 (Ubuntu) OpenSSL/1.1.1 (internal dummy connection)"""
828,172.19.131.174,2022/01/22 19:27:38,200,4069,https://intranet.smith.russellmitchell.com/wp-content/plugins/wpdiscuz/themes/default/style.css?ver=7.0.4,GET,/wp-content/plugins/wpdiscuz/assets/img/loading.gif,HTTP/1.1,"""Mozilla/5.0 (X11; Linux x86_64) AppleWebKit/537.36 (KHTML, like Gecko) HeadlessChrome/97.0.4692.71 Safari/537.36"""
829,172.19.131.174,2022/01/22 19:27:38,200,5753,https://intranet.smith.russellmitchell.com/?p=5,POST,/wp-admin/admin-ajax.php,HTTP/1.1,"""Mozilla/5.0 (X11; Linux x86_64) AppleWebKit/537.36 (KHTML, like Gecko) HeadlessChrome/97.0.4692.71 Safari/537.36"""
830,172.19.131.174,2022/01/22 19:27:38,200,549,https://intranet.smith.russellmitchell.com/?p=5,POST,/wp-admin/admin-ajax.php,HTTP/1.1,"""Mozilla/5.0 (X11; Linux x86_64) AppleWebKit/537.36 (KHTML, like Gecko) HeadlessChrome/97.0.4692.71 Safari/537.36"""
831,172.19.131.174,2022/01/22 19:28:24,200,6203,-,GET,/,HTTP/1.1,"""Mozilla/5.0 (X11; Linux x86_64) AppleWebKit/537.36 (KHTML, like Gecko) HeadlessChrome/97.0.4692.71 Safari/537.36"""
832,172.19.131.174,2022/01/22 19:33:07,200,6203,-,GET,/,HTTP/1.1,"""Mozilla/5.0 (X11; Linux x86_64) AppleWebKit/537.36 (KHTML, like Gecko) HeadlessChrome/97.0.4692.71 Safari/537.36"""
833,10.143.2.4,2022/01/22 19:33:07,200,150,-,POST,/wp-cron.php?doing_wp_cron=1642879987.9375009536743164062500,HTTP/1.1,"""WordPress/5.8.3; https://intranet.smith.russellmitchell.com"""
834,172.19.131.174,2022/01/22 19:40:01,200,29983,-,GET,/?p=5,HTTP/1.1,"""Mozilla/5.0 (X11; Linux x86_64) AppleWebKit/537.36 (KHTML, like Gecko) HeadlessChrome/97.0.4692.71 Safari/537.36"""
835,172.19.131.174,2022/01/22 19:40:01,200,10934,https://intranet.smith.russellmitchell.com/?p=5,GET,/wp-includes/css/dist/block-library/style.min.css?ver=5.8.3,HTTP/1.1,"""Mozilla/5.0 (X11; Linux x86_64) AppleWebKit/537.36 (KHTML, like Gecko) HeadlessChrome/97.0.4692.71 Safari/537.36"""
836,172.19.131.174,2022/01/22 19:40:01,200,3464,https://intranet.smith.russellmitchell.com/?p=5,GET,/wp-content/plugins/wpdiscuz/assets/third-party/font-awesome-5.13.0/css/fa.min.css?ver=7.0.4,HTTP/1.1,"""Mozilla/5.0 (X11; Linux x86_64) AppleWebKit/537.36 (KHTML, like Gecko) HeadlessChrome/97.0.4692.71 Safari/537.36"""
837,172.19.131.174,2022/01/22 19:40:01,200,7375,https://intranet.smith.russellmitchell.com/?p=5,GET,/wp-content/plugins/wpdiscuz/assets/css/wpdiscuz-combo.min.css?ver=5.8.3,HTTP/1.1,"""Mozilla/5.0 (X11; Linux x86_64) AppleWebKit/537.36 (KHTML, like Gecko) HeadlessChrome/97.0.4692.71 Safari/537.36"""
838,172.19.131.174,2022/01/22 19:40:01,200,4454,https://intranet.smith.russellmitchell.com/?p=5,GET,/wp-content/themes/go/dist/css/design-styles/style-traditional.min.css?ver=1.5.2,HTTP/1.1,"""Mozilla/5.0 (X11; Linux x86_64) AppleWebKit/537.36 (KHTML, like Gecko) HeadlessChrome/97.0.4692.71 Safari/537.36"""
839,172.19.131.174,2022/01/22 19:40:01,200,19726,https://intranet.smith.russellmitchell.com/?p=5,GET,/wp-content/plugins/wpdiscuz/themes/default/style.css?ver=7.0.4,HTTP/1.1,"""Mozilla/5.0 (X11; Linux x86_64) AppleWebKit/537.36 (KHTML, like Gecko) HeadlessChrome/97.0.4692.71 Safari/537.36"""
840,172.19.131.174,2022/01/22 19:40:01,200,23889,https://intranet.smith.russellmitchell.com/?p=5,GET,/wp-content/themes/go/dist/css/style-shared.min.css?ver=1.5.2,HTTP/1.1,"""Mozilla/5.0 (X11; Linux x86_64) AppleWebKit/537.36 (KHTML, like Gecko) HeadlessChrome/97.0.4692.71 Safari/537.36"""
841,172.19.131.174,2022/01/22 19:40:01,200,31953,https://intranet.smith.russellmitchell.com/?p=5,GET,/wp-includes/js/jquery/jquery.min.js?ver=3.6.0,HTTP/1.1,"""Mozilla/5.0 (X11; Linux x86_64) AppleWebKit/537.36 (KHTML, like Gecko) HeadlessChrome/97.0.4692.71 Safari/537.36"""
842,172.19.131.174,2022/01/22 19:40:01,200,4570,https://intranet.smith.russellmitchell.com/?p=5,GET,/wp-includes/js/jquery/jquery-migrate.min.js?ver=3.3.2,HTTP/1.1,"""Mozilla/5.0 (X11; Linux x86_64) AppleWebKit/537.36 (KHTML, like Gecko) HeadlessChrome/97.0.4692.71 Safari/537.36"""
843,172.19.131.174,2022/01/22 19:40:02,200,5331,https://intranet.smith.russellmitchell.com/?p=5,GET,/wp-includes/js/wp-emoji-release.min.js?ver=5.8.3,HTTP/1.1,"""Mozilla/5.0 (X11; Linux x86_64) AppleWebKit/537.36 (KHTML, like Gecko) HeadlessChrome/97.0.4692.71 Safari/537.36"""
844,172.19.131.174,2022/01/22 19:40:02,200,18908,https://intranet.smith.russellmitchell.com/wp-content/plugins/wpdiscuz/themes/default/style.css?ver=7.0.4,GET,/wp-content/plugins/wpdiscuz/themes/default/css/fonts/sqr721c-webfont.woff2,HTTP/1.1,"""Mozilla/5.0 (X11; Linux x86_64) AppleWebKit/537.36 (KHTML, like Gecko) HeadlessChrome/97.0.4692.71 Safari/537.36"""
845,172.19.131.174,2022/01/22 19:40:02,200,13874,https://intranet.smith.russellmitchell.com/wp-content/plugins/wpdiscuz/assets/third-party/font-awesome-5.13.0/css/fa.min.css?ver=7.0.4,GET,/wp-content/plugins/wpdiscuz/assets/third-party/font-awesome-5.13.0/webfonts/fa-regular-400.woff2,HTTP/1.1,"""Mozilla/5.0 (X11; Linux x86_64) AppleWebKit/537.36 (KHTML, like Gecko) HeadlessChrome/97.0.4692.71 Safari/537.36"""
846,172.19.131.174,2022/01/22 19:40:02,200,79823,https://intranet.smith.russellmitchell.com/wp-content/plugins/wpdiscuz/assets/third-party/font-awesome-5.13.0/css/fa.min.css?ver=7.0.4,GET,/wp-content/plugins/wpdiscuz/assets/third-party/font-awesome-5.13.0/webfonts/fa-solid-900.woff2,HTTP/1.1,"""Mozilla/5.0 (X11; Linux x86_64) AppleWebKit/537.36 (KHTML, like Gecko) HeadlessChrome/97.0.4692.71 Safari/537.36"""
847,172.19.131.174,2022/01/22 19:40:02,200,76991,https://intranet.smith.russellmitchell.com/wp-content/plugins/wpdiscuz/assets/third-party/font-awesome-5.13.0/css/fa.min.css?ver=7.0.4,GET,/wp-content/plugins/wpdiscuz/assets/third-party/font-awesome-5.13.0/webfonts/fa-brands-400.woff2,HTTP/1.1,"""Mozilla/5.0 (X11; Linux x86_64) AppleWebKit/537.36 (KHTML, like Gecko) HeadlessChrome/97.0.4692.71 Safari/537.36"""
848,172.19.131.174,2022/01/22 19:40:02,200,2981,https://intranet.smith.russellmitchell.com/?p=5,GET,/wp-content/themes/go/dist/js/frontend.min.js?ver=1.5.2,HTTP/1.1,"""Mozilla/5.0 (X11; Linux x86_64) AppleWebKit/537.36 (KHTML, like Gecko) HeadlessChrome/97.0.4692.71 Safari/537.36"""
849,172.19.131.174,2022/01/22 19:40:02,200,1702,https://intranet.smith.russellmitchell.com/?p=5,GET,/wp-includes/js/comment-reply.min.js?ver=5.8.3,HTTP/1.1,"""Mozilla/5.0 (X11; Linux x86_64) AppleWebKit/537.36 (KHTML, like Gecko) HeadlessChrome/97.0.4692.71 Safari/537.36"""
850,172.19.131.174,2022/01/22 19:40:02,200,1120,https://intranet.smith.russellmitchell.com/?p=5,GET,/wp-includes/js/wp-embed.min.js?ver=5.8.3,HTTP/1.1,"""Mozilla/5.0 (X11; Linux x86_64) AppleWebKit/537.36 (KHTML, like Gecko) HeadlessChrome/97.0.4692.71 Safari/537.36"""
851,172.19.131.174,2022/01/22 19:40:02,200,71266,https://intranet.smith.russellmitchell.com/?p=5,GET,/wp-content/plugins/wpdiscuz/assets/js/wpdiscuz-combo.min.js?ver=7.0.4,HTTP/1.1,"""Mozilla/5.0 (X11; Linux x86_64) AppleWebKit/537.36 (KHTML, like Gecko) HeadlessChrome/97.0.4692.71 Safari/537.36"""
852,::1,2022/01/22 19:40:10,200,110,-,OPTIONS,*,HTTP/1.0,"""Apache/2.4.29 (Ubuntu) OpenSSL/1.1.1 (internal dummy connection)"""
853,172.19.131.174,2022/01/22 19:44:45,200,4069,https://intranet.smith.russellmitchell.com/wp-content/plugins/wpdiscuz/themes/default/style.css?ver=7.0.4,GET,/wp-content/plugins/wpdiscuz/assets/img/loading.gif,HTTP/1.1,"""Mozilla/5.0 (X11; Linux x86_64) AppleWebKit/537.36 (KHTML, like Gecko) HeadlessChrome/97.0.4692.71 Safari/537.36"""
854,172.19.131.174,2022/01/22 19:44:45,200,1187,https://intranet.smith.russellmitchell.com/?p=5,POST,/wp-admin/admin-ajax.php,HTTP/1.1,"""Mozilla/5.0 (X11; Linux x86_64) AppleWebKit/537.36 (KHTML, like Gecko) HeadlessChrome/97.0.4692.71 Safari/537.36"""
855,172.19.131.174,2022/01/22 19:44:54,200,6203,-,GET,/,HTTP/1.1,"""Mozilla/5.0 (X11; Linux x86_64) AppleWebKit/537.36 (KHTML, like Gecko) HeadlessChrome/97.0.4692.71 Safari/537.36"""
856,172.19.131.174,2022/01/22 19:50:26,200,29892,-,GET,/?p=5,HTTP/1.1,"""Mozilla/5.0 (X11; Linux x86_64) AppleWebKit/537.36 (KHTML, like Gecko) HeadlessChrome/97.0.4692.71 Safari/537.36"""
857,172.19.131.174,2022/01/22 19:50:26,200,10934,https://intranet.smith.russellmitchell.com/?p=5,GET,/wp-includes/css/dist/block-library/style.min.css?ver=5.8.3,HTTP/1.1,"""Mozilla/5.0 (X11; Linux x86_64) AppleWebKit/537.36 (KHTML, like Gecko) HeadlessChrome/97.0.4692.71 Safari/537.36"""
858,172.19.131.174,2022/01/22 19:50:26,200,3464,https://intranet.smith.russellmitchell.com/?p=5,GET,/wp-content/plugins/wpdiscuz/assets/third-party/font-awesome-5.13.0/css/fa.min.css?ver=7.0.4,HTTP/1.1,"""Mozilla/5.0 (X11; Linux x86_64) AppleWebKit/537.36 (KHTML, like Gecko) HeadlessChrome/97.0.4692.71 Safari/537.36"""
859,172.19.131.174,2022/01/22 19:50:26,200,20302,https://intranet.smith.russellmitchell.com/?p=5,GET,/wp-content/plugins/wpdiscuz/themes/default/style.css?ver=7.0.4,HTTP/1.1,"""Mozilla/5.0 (X11; Linux x86_64) AppleWebKit/537.36 (KHTML, like Gecko) HeadlessChrome/97.0.4692.71 Safari/537.36"""
860,172.19.131.174,2022/01/22 19:50:26,200,7375,https://intranet.smith.russellmitchell.com/?p=5,GET,/wp-content/plugins/wpdiscuz/assets/css/wpdiscuz-combo.min.css?ver=5.8.3,HTTP/1.1,"""Mozilla/5.0 (X11; Linux x86_64) AppleWebKit/537.36 (KHTML, like Gecko) HeadlessChrome/97.0.4692.71 Safari/537.36"""
861,172.19.131.174,2022/01/22 19:50:26,200,4454,https://intranet.smith.russellmitchell.com/?p=5,GET,/wp-content/themes/go/dist/css/design-styles/style-traditional.min.css?ver=1.5.2,HTTP/1.1,"""Mozilla/5.0 (X11; Linux x86_64) AppleWebKit/537.36 (KHTML, like Gecko) HeadlessChrome/97.0.4692.71 Safari/537.36"""
862,172.19.131.174,2022/01/22 19:50:26,200,4570,https://intranet.smith.russellmitchell.com/?p=5,GET,/wp-includes/js/jquery/jquery-migrate.min.js?ver=3.3.2,HTTP/1.1,"""Mozilla/5.0 (X11; Linux x86_64) AppleWebKit/537.36 (KHTML, like Gecko) HeadlessChrome/97.0.4692.71 Safari/537.36"""
863,172.19.131.174,2022/01/22 19:50:26,200,23889,https://intranet.smith.russellmitchell.com/?p=5,GET,/wp-content/themes/go/dist/css/style-shared.min.css?ver=1.5.2,HTTP/1.1,"""Mozilla/5.0 (X11; Linux x86_64) AppleWebKit/537.36 (KHTML, like Gecko) HeadlessChrome/97.0.4692.71 Safari/537.36"""
864,172.19.131.174,2022/01/22 19:50:26,200,31377,https://intranet.smith.russellmitchell.com/?p=5,GET,/wp-includes/js/jquery/jquery.min.js?ver=3.6.0,HTTP/1.1,"""Mozilla/5.0 (X11; Linux x86_64) AppleWebKit/537.36 (KHTML, like Gecko) HeadlessChrome/97.0.4692.71 Safari/537.36"""
865,172.19.131.174,2022/01/22 19:50:26,200,5331,https://intranet.smith.russellmitchell.com/?p=5,GET,/wp-includes/js/wp-emoji-release.min.js?ver=5.8.3,HTTP/1.1,"""Mozilla/5.0 (X11; Linux x86_64) AppleWebKit/537.36 (KHTML, like Gecko) HeadlessChrome/97.0.4692.71 Safari/537.36"""
866,172.19.131.174,2022/01/22 19:50:27,200,18908,https://intranet.smith.russellmitchell.com/wp-content/plugins/wpdiscuz/themes/default/style.css?ver=7.0.4,GET,/wp-content/plugins/wpdiscuz/themes/default/css/fonts/sqr721c-webfont.woff2,HTTP/1.1,"""Mozilla/5.0 (X11; Linux x86_64) AppleWebKit/537.36 (KHTML, like Gecko) HeadlessChrome/97.0.4692.71 Safari/537.36"""
867,172.19.131.174,2022/01/22 19:50:27,200,13874,https://intranet.smith.russellmitchell.com/wp-content/plugins/wpdiscuz/assets/third-party/font-awesome-5.13.0/css/fa.min.css?ver=7.0.4,GET,/wp-content/plugins/wpdiscuz/assets/third-party/font-awesome-5.13.0/webfonts/fa-regular-400.woff2,HTTP/1.1,"""Mozilla/5.0 (X11; Linux x86_64) AppleWebKit/537.36 (KHTML, like Gecko) HeadlessChrome/97.0.4692.71 Safari/537.36"""
868,172.19.131.174,2022/01/22 19:50:27,200,79823,https://intranet.smith.russellmitchell.com/wp-content/plugins/wpdiscuz/assets/third-party/font-awesome-5.13.0/css/fa.min.css?ver=7.0.4,GET,/wp-content/plugins/wpdiscuz/assets/third-party/font-awesome-5.13.0/webfonts/fa-solid-900.woff2,HTTP/1.1,"""Mozilla/5.0 (X11; Linux x86_64) AppleWebKit/537.36 (KHTML, like Gecko) HeadlessChrome/97.0.4692.71 Safari/537.36"""
869,172.19.131.174,2022/01/22 19:50:27,200,76991,https://intranet.smith.russellmitchell.com/wp-content/plugins/wpdiscuz/assets/third-party/font-awesome-5.13.0/css/fa.min.css?ver=7.0.4,GET,/wp-content/plugins/wpdiscuz/assets/third-party/font-awesome-5.13.0/webfonts/fa-brands-400.woff2,HTTP/1.1,"""Mozilla/5.0 (X11; Linux x86_64) AppleWebKit/537.36 (KHTML, like Gecko) HeadlessChrome/97.0.4692.71 Safari/537.36"""
870,172.19.131.174,2022/01/22 19:50:27,200,2981,https://intranet.smith.russellmitchell.com/?p=5,GET,/wp-content/themes/go/dist/js/frontend.min.js?ver=1.5.2,HTTP/1.1,"""Mozilla/5.0 (X11; Linux x86_64) AppleWebKit/537.36 (KHTML, like Gecko) HeadlessChrome/97.0.4692.71 Safari/537.36"""
871,172.19.131.174,2022/01/22 19:50:27,200,1702,https://intranet.smith.russellmitchell.com/?p=5,GET,/wp-includes/js/comment-reply.min.js?ver=5.8.3,HTTP/1.1,"""Mozilla/5.0 (X11; Linux x86_64) AppleWebKit/537.36 (KHTML, like Gecko) HeadlessChrome/97.0.4692.71 Safari/537.36"""
872,172.19.131.174,2022/01/22 19:50:27,200,1120,https://intranet.smith.russellmitchell.com/?p=5,GET,/wp-includes/js/wp-embed.min.js?ver=5.8.3,HTTP/1.1,"""Mozilla/5.0 (X11; Linux x86_64) AppleWebKit/537.36 (KHTML, like Gecko) HeadlessChrome/97.0.4692.71 Safari/537.36"""
873,172.19.131.174,2022/01/22 19:50:27,200,71266,https://intranet.smith.russellmitchell.com/?p=5,GET,/wp-content/plugins/wpdiscuz/assets/js/wpdiscuz-combo.min.js?ver=7.0.4,HTTP/1.1,"""Mozilla/5.0 (X11; Linux x86_64) AppleWebKit/537.36 (KHTML, like Gecko) HeadlessChrome/97.0.4692.71 Safari/537.36"""
874,::1,2022/01/22 19:50:35,200,110,-,OPTIONS,*,HTTP/1.0,"""Apache/2.4.29 (Ubuntu) OpenSSL/1.1.1 (internal dummy connection)"""
875,172.19.131.174,2022/01/22 19:55:01,200,4069,https://intranet.smith.russellmitchell.com/wp-content/plugins/wpdiscuz/themes/default/style.css?ver=7.0.4,GET,/wp-content/plugins/wpdiscuz/assets/img/loading.gif,HTTP/1.1,"""Mozilla/5.0 (X11; Linux x86_64) AppleWebKit/537.36 (KHTML, like Gecko) HeadlessChrome/97.0.4692.71 Safari/537.36"""
876,172.19.131.174,2022/01/22 19:55:01,200,5493,https://intranet.smith.russellmitchell.com/?p=5,POST,/wp-admin/admin-ajax.php,HTTP/1.1,"""Mozilla/5.0 (X11; Linux x86_64) AppleWebKit/537.36 (KHTML, like Gecko) HeadlessChrome/97.0.4692.71 Safari/537.36"""
877,172.19.131.174,2022/01/22 19:55:01,200,549,https://intranet.smith.russellmitchell.com/?p=5,POST,/wp-admin/admin-ajax.php,HTTP/1.1,"""Mozilla/5.0 (X11; Linux x86_64) AppleWebKit/537.36 (KHTML, like Gecko) HeadlessChrome/97.0.4692.71 Safari/537.36"""
878,172.19.131.174,2022/01/22 19:55:41,200,1187,https://intranet.smith.russellmitchell.com/?p=5,POST,/wp-admin/admin-ajax.php,HTTP/1.1,"""Mozilla/5.0 (X11; Linux x86_64) AppleWebKit/537.36 (KHTML, like Gecko) HeadlessChrome/97.0.4692.71 Safari/537.36"""
879,172.19.131.174,2022/01/22 19:55:48,200,1237,https://intranet.smith.russellmitchell.com/?p=5,POST,/wp-admin/admin-ajax.php,HTTP/1.1,"""Mozilla/5.0 (X11; Linux x86_64) AppleWebKit/537.36 (KHTML, like Gecko) HeadlessChrome/97.0.4692.71 Safari/537.36"""
880,172.19.131.174,2022/01/22 19:55:56,200,6203,-,GET,/,HTTP/1.1,"""Mozilla/5.0 (X11; Linux x86_64) AppleWebKit/537.36 (KHTML, like Gecko) HeadlessChrome/97.0.4692.71 Safari/537.36"""
881,172.19.131.174,2022/01/22 20:01:31,200,29892,-,GET,/?p=5,HTTP/1.1,"""Mozilla/5.0 (X11; Linux x86_64) AppleWebKit/537.36 (KHTML, like Gecko) HeadlessChrome/97.0.4692.71 Safari/537.36"""
882,172.19.131.174,2022/01/22 20:01:32,200,10934,https://intranet.smith.russellmitchell.com/?p=5,GET,/wp-includes/css/dist/block-library/style.min.css?ver=5.8.3,HTTP/1.1,"""Mozilla/5.0 (X11; Linux x86_64) AppleWebKit/537.36 (KHTML, like Gecko) HeadlessChrome/97.0.4692.71 Safari/537.36"""
883,172.19.131.174,2022/01/22 20:01:32,200,3464,https://intranet.smith.russellmitchell.com/?p=5,GET,/wp-content/plugins/wpdiscuz/assets/third-party/font-awesome-5.13.0/css/fa.min.css?ver=7.0.4,HTTP/1.1,"""Mozilla/5.0 (X11; Linux x86_64) AppleWebKit/537.36 (KHTML, like Gecko) HeadlessChrome/97.0.4692.71 Safari/537.36"""
884,172.19.131.174,2022/01/22 20:01:32,200,19726,https://intranet.smith.russellmitchell.com/?p=5,GET,/wp-content/plugins/wpdiscuz/themes/default/style.css?ver=7.0.4,HTTP/1.1,"""Mozilla/5.0 (X11; Linux x86_64) AppleWebKit/537.36 (KHTML, like Gecko) HeadlessChrome/97.0.4692.71 Safari/537.36"""
885,172.19.131.174,2022/01/22 20:01:32,200,1433,https://intranet.smith.russellmitchell.com/?p=5,GET,/wp-content/themes/go/dist/css/design-styles/style-traditional.min.css?ver=1.5.2,HTTP/1.1,"""Mozilla/5.0 (X11; Linux x86_64) AppleWebKit/537.36 (KHTML, like Gecko) HeadlessChrome/97.0.4692.71 Safari/537.36"""
886,172.19.131.174,2022/01/22 20:01:32,200,7375,https://intranet.smith.russellmitchell.com/?p=5,GET,/wp-content/plugins/wpdiscuz/assets/css/wpdiscuz-combo.min.css?ver=5.8.3,HTTP/1.1,"""Mozilla/5.0 (X11; Linux x86_64) AppleWebKit/537.36 (KHTML, like Gecko) HeadlessChrome/97.0.4692.71 Safari/537.36"""
887,172.19.131.174,2022/01/22 20:01:32,200,23889,https://intranet.smith.russellmitchell.com/?p=5,GET,/wp-content/themes/go/dist/css/style-shared.min.css?ver=1.5.2,HTTP/1.1,"""Mozilla/5.0 (X11; Linux x86_64) AppleWebKit/537.36 (KHTML, like Gecko) HeadlessChrome/97.0.4692.71 Safari/537.36"""
888,172.19.131.174,2022/01/22 20:01:32,200,7591,https://intranet.smith.russellmitchell.com/?p=5,GET,/wp-includes/js/jquery/jquery-migrate.min.js?ver=3.3.2,HTTP/1.1,"""Mozilla/5.0 (X11; Linux x86_64) AppleWebKit/537.36 (KHTML, like Gecko) HeadlessChrome/97.0.4692.71 Safari/537.36"""
889,172.19.131.174,2022/01/22 20:01:32,200,34398,https://intranet.smith.russellmitchell.com/?p=5,GET,/wp-includes/js/jquery/jquery.min.js?ver=3.6.0,HTTP/1.1,"""Mozilla/5.0 (X11; Linux x86_64) AppleWebKit/537.36 (KHTML, like Gecko) HeadlessChrome/97.0.4692.71 Safari/537.36"""
890,172.19.131.174,2022/01/22 20:01:32,200,5331,https://intranet.smith.russellmitchell.com/?p=5,GET,/wp-includes/js/wp-emoji-release.min.js?ver=5.8.3,HTTP/1.1,"""Mozilla/5.0 (X11; Linux x86_64) AppleWebKit/537.36 (KHTML, like Gecko) HeadlessChrome/97.0.4692.71 Safari/537.36"""
891,172.19.131.174,2022/01/22 20:01:32,200,18908,https://intranet.smith.russellmitchell.com/wp-content/plugins/wpdiscuz/themes/default/style.css?ver=7.0.4,GET,/wp-content/plugins/wpdiscuz/themes/default/css/fonts/sqr721c-webfont.woff2,HTTP/1.1,"""Mozilla/5.0 (X11; Linux x86_64) AppleWebKit/537.36 (KHTML, like Gecko) HeadlessChrome/97.0.4692.71 Safari/537.36"""
892,172.19.131.174,2022/01/22 20:01:32,200,13874,https://intranet.smith.russellmitchell.com/wp-content/plugins/wpdiscuz/assets/third-party/font-awesome-5.13.0/css/fa.min.css?ver=7.0.4,GET,/wp-content/plugins/wpdiscuz/assets/third-party/font-awesome-5.13.0/webfonts/fa-regular-400.woff2,HTTP/1.1,"""Mozilla/5.0 (X11; Linux x86_64) AppleWebKit/537.36 (KHTML, like Gecko) HeadlessChrome/97.0.4692.71 Safari/537.36"""
893,172.19.131.174,2022/01/22 20:01:32,200,76991,https://intranet.smith.russellmitchell.com/wp-content/plugins/wpdiscuz/assets/third-party/font-awesome-5.13.0/css/fa.min.css?ver=7.0.4,GET,/wp-content/plugins/wpdiscuz/assets/third-party/font-awesome-5.13.0/webfonts/fa-brands-400.woff2,HTTP/1.1,"""Mozilla/5.0 (X11; Linux x86_64) AppleWebKit/537.36 (KHTML, like Gecko) HeadlessChrome/97.0.4692.71 Safari/537.36"""
894,172.19.131.174,2022/01/22 20:01:32,200,79823,https://intranet.smith.russellmitchell.com/wp-content/plugins/wpdiscuz/assets/third-party/font-awesome-5.13.0/css/fa.min.css?ver=7.0.4,GET,/wp-content/plugins/wpdiscuz/assets/third-party/font-awesome-5.13.0/webfonts/fa-solid-900.woff2,HTTP/1.1,"""Mozilla/5.0 (X11; Linux x86_64) AppleWebKit/537.36 (KHTML, like Gecko) HeadlessChrome/97.0.4692.71 Safari/537.36"""
895,172.19.131.174,2022/01/22 20:01:33,200,2981,https://intranet.smith.russellmitchell.com/?p=5,GET,/wp-content/themes/go/dist/js/frontend.min.js?ver=1.5.2,HTTP/1.1,"""Mozilla/5.0 (X11; Linux x86_64) AppleWebKit/537.36 (KHTML, like Gecko) HeadlessChrome/97.0.4692.71 Safari/537.36"""
896,172.19.131.174,2022/01/22 20:01:33,200,1702,https://intranet.smith.russellmitchell.com/?p=5,GET,/wp-includes/js/comment-reply.min.js?ver=5.8.3,HTTP/1.1,"""Mozilla/5.0 (X11; Linux x86_64) AppleWebKit/537.36 (KHTML, like Gecko) HeadlessChrome/97.0.4692.71 Safari/537.36"""
897,172.19.131.174,2022/01/22 20:01:33,200,1120,https://intranet.smith.russellmitchell.com/?p=5,GET,/wp-includes/js/wp-embed.min.js?ver=5.8.3,HTTP/1.1,"""Mozilla/5.0 (X11; Linux x86_64) AppleWebKit/537.36 (KHTML, like Gecko) HeadlessChrome/97.0.4692.71 Safari/537.36"""
898,172.19.131.174,2022/01/22 20:01:33,200,71266,https://intranet.smith.russellmitchell.com/?p=5,GET,/wp-content/plugins/wpdiscuz/assets/js/wpdiscuz-combo.min.js?ver=7.0.4,HTTP/1.1,"""Mozilla/5.0 (X11; Linux x86_64) AppleWebKit/537.36 (KHTML, like Gecko) HeadlessChrome/97.0.4692.71 Safari/537.36"""
899,::1,2022/01/22 20:01:40,200,110,-,OPTIONS,*,HTTP/1.0,"""Apache/2.4.29 (Ubuntu) OpenSSL/1.1.1 (internal dummy connection)"""
900,172.19.131.174,2022/01/22 20:03:55,200,4069,https://intranet.smith.russellmitchell.com/wp-content/plugins/wpdiscuz/themes/default/style.css?ver=7.0.4,GET,/wp-content/plugins/wpdiscuz/assets/img/loading.gif,HTTP/1.1,"""Mozilla/5.0 (X11; Linux x86_64) AppleWebKit/537.36 (KHTML, like Gecko) HeadlessChrome/97.0.4692.71 Safari/537.36"""
901,172.19.131.174,2022/01/22 20:03:55,200,1187,https://intranet.smith.russellmitchell.com/?p=5,POST,/wp-admin/admin-ajax.php,HTTP/1.1,"""Mozilla/5.0 (X11; Linux x86_64) AppleWebKit/537.36 (KHTML, like Gecko) HeadlessChrome/97.0.4692.71 Safari/537.36"""
902,172.19.131.174,2022/01/22 20:04:44,200,5763,https://intranet.smith.russellmitchell.com/?p=5,POST,/wp-admin/admin-ajax.php,HTTP/1.1,"""Mozilla/5.0 (X11; Linux x86_64) AppleWebKit/537.36 (KHTML, like Gecko) HeadlessChrome/97.0.4692.71 Safari/537.36"""
903,172.19.131.174,2022/01/22 20:04:44,200,549,https://intranet.smith.russellmitchell.com/?p=5,POST,/wp-admin/admin-ajax.php,HTTP/1.1,"""Mozilla/5.0 (X11; Linux x86_64) AppleWebKit/537.36 (KHTML, like Gecko) HeadlessChrome/97.0.4692.71 Safari/537.36"""
904,172.19.131.174,2022/01/22 20:05:14,200,1187,https://intranet.smith.russellmitchell.com/?p=5,POST,/wp-admin/admin-ajax.php,HTTP/1.1,"""Mozilla/5.0 (X11; Linux x86_64) AppleWebKit/537.36 (KHTML, like Gecko) HeadlessChrome/97.0.4692.71 Safari/537.36"""
905,172.19.131.174,2022/01/22 20:05:22,200,1187,https://intranet.smith.russellmitchell.com/?p=5,POST,/wp-admin/admin-ajax.php,HTTP/1.1,"""Mozilla/5.0 (X11; Linux x86_64) AppleWebKit/537.36 (KHTML, like Gecko) HeadlessChrome/97.0.4692.71 Safari/537.36"""
906,172.19.131.174,2022/01/22 20:06:01,200,5687,https://intranet.smith.russellmitchell.com/?p=5,POST,/wp-admin/admin-ajax.php,HTTP/1.1,"""Mozilla/5.0 (X11; Linux x86_64) AppleWebKit/537.36 (KHTML, like Gecko) HeadlessChrome/97.0.4692.71 Safari/537.36"""
907,172.19.131.174,2022/01/22 20:06:01,200,549,https://intranet.smith.russellmitchell.com/?p=5,POST,/wp-admin/admin-ajax.php,HTTP/1.1,"""Mozilla/5.0 (X11; Linux x86_64) AppleWebKit/537.36 (KHTML, like Gecko) HeadlessChrome/97.0.4692.71 Safari/537.36"""
908,172.19.131.174,2022/01/22 20:06:27,200,1187,https://intranet.smith.russellmitchell.com/?p=5,POST,/wp-admin/admin-ajax.php,HTTP/1.1,"""Mozilla/5.0 (X11; Linux x86_64) AppleWebKit/537.36 (KHTML, like Gecko) HeadlessChrome/97.0.4692.71 Safari/537.36"""
909,172.19.131.174,2022/01/22 20:06:34,200,6203,-,GET,/,HTTP/1.1,"""Mozilla/5.0 (X11; Linux x86_64) AppleWebKit/537.36 (KHTML, like Gecko) HeadlessChrome/97.0.4692.71 Safari/537.36"""
910,172.19.131.174,2022/01/22 20:08:32,200,27796,-,GET,/?p=5,HTTP/1.1,"""Mozilla/5.0 (X11; Linux x86_64) AppleWebKit/537.36 (KHTML, like Gecko) HeadlessChrome/97.0.4692.71 Safari/537.36"""
911,172.19.131.174,2022/01/22 20:08:32,200,10934,https://intranet.smith.russellmitchell.com/?p=5,GET,/wp-includes/css/dist/block-library/style.min.css?ver=5.8.3,HTTP/1.1,"""Mozilla/5.0 (X11; Linux x86_64) AppleWebKit/537.36 (KHTML, like Gecko) HeadlessChrome/97.0.4692.71 Safari/537.36"""
912,172.19.131.174,2022/01/22 20:08:33,200,3464,https://intranet.smith.russellmitchell.com/?p=5,GET,/wp-content/plugins/wpdiscuz/assets/third-party/font-awesome-5.13.0/css/fa.min.css?ver=7.0.4,HTTP/1.1,"""Mozilla/5.0 (X11; Linux x86_64) AppleWebKit/537.36 (KHTML, like Gecko) HeadlessChrome/97.0.4692.71 Safari/537.36"""
913,172.19.131.174,2022/01/22 20:08:33,200,20302,https://intranet.smith.russellmitchell.com/?p=5,GET,/wp-content/plugins/wpdiscuz/themes/default/style.css?ver=7.0.4,HTTP/1.1,"""Mozilla/5.0 (X11; Linux x86_64) AppleWebKit/537.36 (KHTML, like Gecko) HeadlessChrome/97.0.4692.71 Safari/537.36"""
914,172.19.131.174,2022/01/22 20:08:33,200,9820,https://intranet.smith.russellmitchell.com/?p=5,GET,/wp-content/plugins/wpdiscuz/assets/css/wpdiscuz-combo.min.css?ver=5.8.3,HTTP/1.1,"""Mozilla/5.0 (X11; Linux x86_64) AppleWebKit/537.36 (KHTML, like Gecko) HeadlessChrome/97.0.4692.71 Safari/537.36"""
915,172.19.131.174,2022/01/22 20:08:33,200,2009,https://intranet.smith.russellmitchell.com/?p=5,GET,/wp-content/themes/go/dist/css/design-styles/style-traditional.min.css?ver=1.5.2,HTTP/1.1,"""Mozilla/5.0 (X11; Linux x86_64) AppleWebKit/537.36 (KHTML, like Gecko) HeadlessChrome/97.0.4692.71 Safari/537.36"""
916,172.19.131.174,2022/01/22 20:08:33,200,23313,https://intranet.smith.russellmitchell.com/?p=5,GET,/wp-content/themes/go/dist/css/style-shared.min.css?ver=1.5.2,HTTP/1.1,"""Mozilla/5.0 (X11; Linux x86_64) AppleWebKit/537.36 (KHTML, like Gecko) HeadlessChrome/97.0.4692.71 Safari/537.36"""
917,172.19.131.174,2022/01/22 20:08:33,200,4570,https://intranet.smith.russellmitchell.com/?p=5,GET,/wp-includes/js/jquery/jquery-migrate.min.js?ver=3.3.2,HTTP/1.1,"""Mozilla/5.0 (X11; Linux x86_64) AppleWebKit/537.36 (KHTML, like Gecko) HeadlessChrome/97.0.4692.71 Safari/537.36"""
918,172.19.131.174,2022/01/22 20:08:33,200,31953,https://intranet.smith.russellmitchell.com/?p=5,GET,/wp-includes/js/jquery/jquery.min.js?ver=3.6.0,HTTP/1.1,"""Mozilla/5.0 (X11; Linux x86_64) AppleWebKit/537.36 (KHTML, like Gecko) HeadlessChrome/97.0.4692.71 Safari/537.36"""
919,172.19.131.174,2022/01/22 20:08:33,200,5331,https://intranet.smith.russellmitchell.com/?p=5,GET,/wp-includes/js/wp-emoji-release.min.js?ver=5.8.3,HTTP/1.1,"""Mozilla/5.0 (X11; Linux x86_64) AppleWebKit/537.36 (KHTML, like Gecko) HeadlessChrome/97.0.4692.71 Safari/537.36"""
920,172.19.131.174,2022/01/22 20:08:33,200,18908,https://intranet.smith.russellmitchell.com/wp-content/plugins/wpdiscuz/themes/default/style.css?ver=7.0.4,GET,/wp-content/plugins/wpdiscuz/themes/default/css/fonts/sqr721c-webfont.woff2,HTTP/1.1,"""Mozilla/5.0 (X11; Linux x86_64) AppleWebKit/537.36 (KHTML, like Gecko) HeadlessChrome/97.0.4692.71 Safari/537.36"""
921,172.19.131.174,2022/01/22 20:08:33,200,13874,https://intranet.smith.russellmitchell.com/wp-content/plugins/wpdiscuz/assets/third-party/font-awesome-5.13.0/css/fa.min.css?ver=7.0.4,GET,/wp-content/plugins/wpdiscuz/assets/third-party/font-awesome-5.13.0/webfonts/fa-regular-400.woff2,HTTP/1.1,"""Mozilla/5.0 (X11; Linux x86_64) AppleWebKit/537.36 (KHTML, like Gecko) HeadlessChrome/97.0.4692.71 Safari/537.36"""
922,172.19.131.174,2022/01/22 20:08:33,200,79823,https://intranet.smith.russellmitchell.com/wp-content/plugins/wpdiscuz/assets/third-party/font-awesome-5.13.0/css/fa.min.css?ver=7.0.4,GET,/wp-content/plugins/wpdiscuz/assets/third-party/font-awesome-5.13.0/webfonts/fa-solid-900.woff2,HTTP/1.1,"""Mozilla/5.0 (X11; Linux x86_64) AppleWebKit/537.36 (KHTML, like Gecko) HeadlessChrome/97.0.4692.71 Safari/537.36"""
923,172.19.131.174,2022/01/22 20:08:33,200,76991,https://intranet.smith.russellmitchell.com/wp-content/plugins/wpdiscuz/assets/third-party/font-awesome-5.13.0/css/fa.min.css?ver=7.0.4,GET,/wp-content/plugins/wpdiscuz/assets/third-party/font-awesome-5.13.0/webfonts/fa-brands-400.woff2,HTTP/1.1,"""Mozilla/5.0 (X11; Linux x86_64) AppleWebKit/537.36 (KHTML, like Gecko) HeadlessChrome/97.0.4692.71 Safari/537.36"""
924,172.19.131.174,2022/01/22 20:08:34,200,2981,https://intranet.smith.russellmitchell.com/?p=5,GET,/wp-content/themes/go/dist/js/frontend.min.js?ver=1.5.2,HTTP/1.1,"""Mozilla/5.0 (X11; Linux x86_64) AppleWebKit/537.36 (KHTML, like Gecko) HeadlessChrome/97.0.4692.71 Safari/537.36"""
925,172.19.131.174,2022/01/22 20:08:34,200,1702,https://intranet.smith.russellmitchell.com/?p=5,GET,/wp-includes/js/comment-reply.min.js?ver=5.8.3,HTTP/1.1,"""Mozilla/5.0 (X11; Linux x86_64) AppleWebKit/537.36 (KHTML, like Gecko) HeadlessChrome/97.0.4692.71 Safari/537.36"""
926,172.19.131.174,2022/01/22 20:08:34,200,1120,https://intranet.smith.russellmitchell.com/?p=5,GET,/wp-includes/js/wp-embed.min.js?ver=5.8.3,HTTP/1.1,"""Mozilla/5.0 (X11; Linux x86_64) AppleWebKit/537.36 (KHTML, like Gecko) HeadlessChrome/97.0.4692.71 Safari/537.36"""
927,172.19.131.174,2022/01/22 20:08:34,200,71266,https://intranet.smith.russellmitchell.com/?p=5,GET,/wp-content/plugins/wpdiscuz/assets/js/wpdiscuz-combo.min.js?ver=7.0.4,HTTP/1.1,"""Mozilla/5.0 (X11; Linux x86_64) AppleWebKit/537.36 (KHTML, like Gecko) HeadlessChrome/97.0.4692.71 Safari/537.36"""
928,::1,2022/01/22 20:08:41,200,110,-,OPTIONS,*,HTTP/1.0,"""Apache/2.4.29 (Ubuntu) OpenSSL/1.1.1 (internal dummy connection)"""
929,172.19.131.174,2022/01/22 20:11:40,200,4069,https://intranet.smith.russellmitchell.com/wp-content/plugins/wpdiscuz/themes/default/style.css?ver=7.0.4,GET,/wp-content/plugins/wpdiscuz/assets/img/loading.gif,HTTP/1.1,"""Mozilla/5.0 (X11; Linux x86_64) AppleWebKit/537.36 (KHTML, like Gecko) HeadlessChrome/97.0.4692.71 Safari/537.36"""
930,172.19.131.174,2022/01/22 20:11:40,200,5784,https://intranet.smith.russellmitchell.com/?p=5,POST,/wp-admin/admin-ajax.php,HTTP/1.1,"""Mozilla/5.0 (X11; Linux x86_64) AppleWebKit/537.36 (KHTML, like Gecko) HeadlessChrome/97.0.4692.71 Safari/537.36"""
931,172.19.131.174,2022/01/22 20:11:40,200,549,https://intranet.smith.russellmitchell.com/?p=5,POST,/wp-admin/admin-ajax.php,HTTP/1.1,"""Mozilla/5.0 (X11; Linux x86_64) AppleWebKit/537.36 (KHTML, like Gecko) HeadlessChrome/97.0.4692.71 Safari/537.36"""
932,172.19.131.174,2022/01/22 20:12:37,200,1187,https://intranet.smith.russellmitchell.com/?p=5,POST,/wp-admin/admin-ajax.php,HTTP/1.1,"""Mozilla/5.0 (X11; Linux x86_64) AppleWebKit/537.36 (KHTML, like Gecko) HeadlessChrome/97.0.4692.71 Safari/537.36"""
933,172.19.131.174,2022/01/22 20:12:45,200,6203,-,GET,/,HTTP/1.1,"""Mozilla/5.0 (X11; Linux x86_64) AppleWebKit/537.36 (KHTML, like Gecko) HeadlessChrome/97.0.4692.71 Safari/537.36"""
